0 0.659375 0.52734375 0.02578125 0.06015625
0 0.1875 0.8890625 0.021875 0.04453125
0 0.1609375 0.8609375 0.02109375 0.034375
0 0.16875 0.84765625 0.02578125 0.03125
0 0.18984375 0.83359375 0.01484375 0.05078125
0 0.19140625 0.8015625 0.03203125 0.0265625
0 0.1390625 0.7328125 0.02421875 0.03984375
0 0.59375 0.46953125 0.02734375 0.04375
0 0.65078125 0.465625 0.025 0.06484375
0 0.93046875 0.42109375 0.03125 0.07890625
0 0.6625 0.40546875 0.01953125 0.053125
0 0.59140625 0.359375 0.021875 0.08671875
0 0.61875 0.33046875 0.02109375 0.0703125
0 0.5953125 0.21953125 0.0265625 0.0625
0 0.6265625 0.2421875 0.0265625 0.05625
0 0.66171875 0.28984375 0.0171875 0.06328125
0 0.684375 0.321875 0.0359375 0.034375
0 0.7265625 0.334375 0.025 0.0453125
0 0.7921875 0.3546875 0.0234375 0.0734375
0 0.68203125 0.38359375 0.01875 0.04921875
0 0.69453125 0.35703125 0.02890625 0.0328125
0 0.66953125 0.3625 0.0109375 0.03359375