0 0.30703125 0.56015625 0.0328125 0.06484375
0 0.23203125 0.5734375 0.03671875 0.05
0 0.08125 0.59375 0.025 0.05390625
0 0.15 0.92578125 0.01796875 0.0625
0 0.24140625 0.95546875 0.0265625 0.05078125
0 0.07109375 0.7578125 0.0234375 0.05234375
0 0.23671875 0.709375 0.021875 0.0453125
0 0.24609375 0.753125 0.01484375 0.053125
0 0.2578125 0.74375 0.01171875 0.0359375
0 0.265625 0.7234375 0.009375 0.02734375
0 0.26953125 0.7484375 0.01796875 0.03203125
0 0.29765625 0.82734375 0.028125 0.0453125
0 0.184375 0.83984375 0.03125 0.05390625
0 0.32578125 0.86171875 0.02734375 0.03984375
0 0.37265625 0.89296875 0.021875 0.0453125
0 0.38125 0.85546875 0.01796875 0.04140625
0 0.40703125 0.82109375 0.0296875 0.05
0 0.43203125 0.86640625 0.01640625 0.04140625
0 0.44921875 0.85859375 0.025 0.0359375
0 0.6953125 0.69765625 0.03125 0.05
0 0.81328125 0.6953125 0.028125 0.06875
0 0.9015625 0.8984375 0.0203125 0.06015625
0 0.8953125 0.98046875 0.0203125 0.0390625
0 0.91796875 0.9671875 0.01796875 0.02890625
0 0.878125 0.96328125 0.01796875 0.046875
0 0.85625 0.98359375 0.025 0.0328125
0 0.83671875 0.9875 0.0109375 0.025
0 0.88984375 0.9640625 0.01953125 0.04921875
0 0.5328125 0.009375 0.02578125 0.01796875
0 0.5640625 0.146875 0.02421875 0.0421875
0 0.69921875 0.13125 0.02109375 0.040625
0 0.69609375 0.2078125 0.0171875 0.05625
0 0.796875 0.26484375 0.0171875 0.0453125
0 0.8234375 0.2484375 0.01796875 0.0453125
0 0.83515625 0.271875 0.02109375 0.0546875
0 0.8703125 0.19140625 0.02109375 0.0296875
0 0.8796875 0.23046875 0.0203125 0.03984375
0 0.91171875 0.196875 0.02421875 0.0359375
0 0.9015625 0.15 0.01640625 0.0421875
0 0.88203125 0.1671875 0.015625 0.0265625
0 0.88515625 0.1953125 0.01953125 0.03828125
0 0.96015625 0.140625 0.0234375 0.05625