0 0.6515625 0.49375 0.02578125 0.09296875
0 0.71640625 0.521875 0.05703125 0.06796875
0 0.76328125 0.759375 0.0328125 0.04921875
0 0.8171875 0.771875 0.0640625 0.05546875
0 0.75 0.70703125 0.034375 0.05546875
0 0.815625 0.69140625 0.0453125 0.04921875
0 0.8640625 0.68671875 0.0296875 0.05859375
0 0.8890625 0.65703125 0.03828125 0.04296875
0 0.9421875 0.67109375 0.05390625 0.08359375
0 0.93515625 0.58984375 0.05390625 0.03671875
0 0.66640625 0.67578125 0.03828125 0.04921875
0 0.7484375 0.596875 0.0484375 0.06484375
0 0.6578125 0.91640625 0.034375 0.06796875
0 0.6828125 0.878125 0.03671875 0.07734375