0 0.24296875 0.73828125 0.03046875 0.03515625
0 0.23984375 0.721875 0.0328125 0.0609375
0 0.28828125 0.67265625 0.0203125 0.0359375
0 0.29140625 0.71171875 0.02265625 0.03125
0 0.26953125 0.70078125 0.021875 0.0359375
0 0.753125 0.80703125 0.02578125 0.053125
0 0.80625 0.7234375 0.02421875 0.04765625
0 0.83125 0.7328125 0.0140625 0.0578125
0 0.846875 0.740625 0.02265625 0.0390625
0 0.84609375 0.79296875 0.034375 0.0515625
0 0.86328125 0.8171875 0.02421875 0.0546875
0 0.8390625 0.93125 0.02109375 0.04921875
0 0.68515625 0.4140625 0.03046875 0.0390625
0 0.62265625 0.43671875 0.02109375 0.04765625
0 0.621875 0.28203125 0.03046875 0.03515625