0 0.346875 0.98359375 0.025 0.03203125
0 0.32734375 0.98828125 0.02421875 0.0234375
0 0.88671875 0.89140625 0.04765625 0.0890625
0 0.73515625 0.82578125 0.03359375 0.0671875
0 0.65078125 0.78984375 0.03125 0.05625
0 0.7296875 0.7734375 0.03984375 0.04375
0 0.74140625 0.7328125 0.0265625 0.053125
0 0.77890625 0.734375 0.0265625 0.053125
0 0.79140625 0.6578125 0.01796875 0.03125
0 0.8015625 0.68828125 0.0203125 0.03046875
0 0.63046875 0.696875 0.0296875 0.06640625
0 0.60234375 0.64296875 0.0359375 0.0515625
0 0.72109375 0.59296875 0.03671875 0.06171875
0 0.76953125 0.565625 0.0359375 0.01640625
0 0.6890625 0.48046875 0.04140625 0.1375
0 0.73515625 0.425 0.08203125 0.10625
0 0.86171875 0.4234375 0.07421875 0.08125
0 0.75390625 0.3015625 0.1046875 0.10546875
0 0.70625 0.33203125 0.040625 0.0859375
0 0.75 0.365625 0.06796875 0.084375
0 0.64296875 0.34921875 0.084375 0.0796875
0 0.6078125 0.28359375 0.06640625 0.096875
0 0.53984375 0.16171875 0.059375 0.1
0 0.55390625 0.071875 0.07109375 0.0984375
0 0.56796875 0.0515625 0.0515625 0.09140625
0 0.60078125 0.03046875 0.03125 0.06015625
0 0.628125 0.09296875 0.06015625 0.08125
0 0.63515625 0.184375 0.0328125 0.109375
0 0.58984375 0.24375 0.04375 0.065625
0 0.540625 0.2859375 0.0390625 0.11796875
0 0.68984375 0.2015625 0.05546875 0.09921875
0 0.678125 0.2640625 0.04375 0.08515625
0 0.77890625 0.18359375 0.05 0.0796875
0 0.759375 0.228125 0.05546875 0.05859375
0 0.70546875 0.16171875 0.0671875 0.11015625
0 0.7375 0.15625 0.03671875 0.1
0 0.74921875 0.13125 0.0359375 0.0890625
0 0.78515625 0.12265625 0.04296875 0.06796875
0 0.8078125 0.14765625 0.05234375 0.06875
0 0.85078125 0.20625 0.04921875 0.11953125
0 0.81875 0.21875 0.05234375 0.090625
0 0.815625 0.2921875 0.025 0.07578125
0 0.853125 0.328125 0.05 0.11484375
0 0.86953125 0.27265625 0.03828125 0.071875
0 0.703125 0.0296875 0.025 0.059375
0 0.72265625 0.0875 0.0765625 0.07265625
0 0.76640625 0.0703125 0.06484375 0.08828125
0 0.62265625 0.025 0.03046875 0.05
0 0.66171875 0.02265625 0.05703125 0.04296875
0 0.96171875 0.04296875 0.03828125 0.0734375
0 0.9828125 0.20859375 0.034375 0.09453125
0 0.96640625 0.30703125 0.0671875 0.0703125