0 0.69140625 0.9265625 0.0296875 0.028125
0 0.73984375 0.67109375 0.0375 0.075
0 0.91171875 0.66953125 0.02578125 0.08125
0 0.90625 0.5546875 0.03125 0.103125
0 0.93359375 0.4953125 0.02109375 0.13125
0 0.94375 0.3703125 0.0328125 0.05390625
0 0.8921875 0.33828125 0.0203125 0.11640625
0 0.9234375 0.3015625 0.01953125 0.11796875
0 0.94296875 0.2390625 0.0296875 0.0890625
0 0.88828125 0.22265625 0.025 0.11796875
0 0.86875 0.2328125 0.015625 0.13046875
0 0.8734375 0.109375 0.03671875 0.06015625
0 0.91328125 0.0203125 0.0125 0.040625
0 0.96875 0.02265625 0.0328125 0.04453125
0 0.72421875 0.1015625 0.03046875 0.1171875
0 0.76640625 0.284375 0.02890625 0.109375
0 0.73828125 0.3109375 0.0390625 0.0796875
0 0.7140625 0.2546875 0.0265625 0.09296875
0 0.69375 0.30234375 0.028125 0.10703125
0 0.68671875 0.3890625 0.0296875 0.06328125