0 0.571875 0.4859375 0.140625 0.3359375
0 0.840625 0.37734375 0.19375 0.26171875
0 0.7265625 0.56875 0.17578125 0.19296875
0 0.5625 0.6953125 0.2421875 0.2734375
0 0.61328125 0.9234375 0.22265625 0.153125
0 0.7625 0.79375 0.165625 0.2671875
0 0.77421875 0.946875 0.11875 0.10546875
0 0.91875 0.67578125 0.1625 0.16953125
0 0.9453125 0.91171875 0.109375 0.1765625
0 0.2890625 0.73984375 0.1875 0.2671875
0 0.2578125 0.94140625 0.14453125 0.1171875
0 0.12578125 0.73828125 0.1390625 0.25859375
0 0.084375 0.41875 0.1640625 0.2671875
0 0.2359375 0.3875 0.14453125 0.32421875
0 0.3203125 0.35546875 0.09765625 0.28828125
0 0.409375 0.359375 0.1390625 0.296875
0 0.540625 0.23515625 0.203125 0.18984375
0 0.70625 0.175 0.1703125 0.25
0 0.83828125 0.1140625 0.0765625 0.228125
0 0.9421875 0.1203125 0.1 0.240625
0 0.3984375 0.0984375 0.08984375 0.125
0 0.2515625 0.10703125 0.15234375 0.2078125
0 0.121875 0.146875 0.15 0.2171875
0 0.05546875 0.90078125 0.0875 0.10703125
0 0.425 0.93515625 0.115625 0.12890625