0 0.7578125 0.378125 0.153125 0.121875
0 0.7703125 0.53984375 0.140625 0.22109375
0 0.6359375 0.69453125 0.13125 0.1640625
0 0.36484375 0.803125 0.10234375 0.2140625
0 0.2609375 0.790625 0.13359375 0.2125
0 0.4890625 0.46015625 0.13828125 0.16640625
0 0.5796875 0.52265625 0.1875 0.0984375
0 0.33203125 0.46640625 0.10546875 0.190625
0 0.33984375 0.61171875 0.11484375 0.17890625
0 0.4046875 0.61484375 0.0765625 0.1578125
0 0.51171875 0.625 0.13125 0.15234375
0 0.6609375 0.56875 0.1140625 0.17890625
0 0.2859375 0.55078125 0.13515625 0.19609375
0 0.3046875 0.41171875 0.08046875 0.1296875
0 0.36171875 0.48203125 0.1015625 0.175
0 0.37265625 0.3375 0.08671875 0.1703125