0 0.359375 0.58359375 0.1328125 0.1703125
0 0.415625 0.6734375 0.0984375 0.14921875
0 0.69296875 0.8078125 0.1078125 0.1375
0 0.021875 0.0453125 0.04375 0.0703125
0 0.03515625 0.1375 0.06953125 0.08515625
0 0.0484375 0.2578125 0.06796875 0.07890625
0 0.128125 0.4859375 0.06171875 0.09765625
0 0.14375 0.5625 0.0734375 0.08515625
0 0.278125 0.940625 0.075 0.10703125
0 0.23671875 0.8609375 0.07890625 0.071875
0 0.22265625 0.78671875 0.078125 0.06015625
0 0.6734375 0.94296875 0.034375 0.1140625
0 0.75234375 0.95390625 0.1046875 0.0921875
0 0.61953125 0.8890625 0.08359375 0.1328125
0 0.60234375 0.6421875 0.065625 0.103125
0 0.64453125 0.72734375 0.0703125 0.11015625
0 0.48359375 0.5078125 0.0765625 0.11875
0 0.44375 0.3828125 0.0578125 0.08203125
0 0.503125 0.33359375 0.11171875 0.08671875
0 0.40078125 0.28515625 0.08125 0.10546875
0 0.33984375 0.11796875 0.13515625 0.096875
0 0.23046875 0.05078125 0.1484375 0.1015625
0 0.48203125 0.0390625 0.1203125 0.078125
0 0.60078125 0.25234375 0.153125 0.08515625
0 0.55234375 0.10234375 0.12890625 0.090625
0 0.315625 0.034375 0.06953125 0.06796875
0 0.85546875 0.54375 0.08203125 0.1515625
0 0.9515625 0.634375 0.059375 0.11328125
0 0.928125 0.5484375 0.06171875 0.096875
0 0.8265625 0.47421875 0.128125 0.1015625
0 0.73203125 0.359375 0.12890625 0.15625
0 0.79140625 0.2765625 0.1140625 0.12890625
0 0.8328125 0.3859375 0.065625 0.08515625
0 0.9375 0.35234375 0.125 0.0875
0 0.9609375 0.44921875 0.078125 0.10546875
0 0.93671875 0.2328125 0.12578125 0.090625
0 0.76953125 0.09375 0.12421875 0.06328125
0 0.74765625 0.1640625 0.13359375 0.1078125
0 0.93828125 0.12890625 0.07890625 0.11640625
0 0.6484375 0.03984375 0.07578125 0.07890625
0 0.7359375 0.02890625 0.08359375 0.05703125
0 0.8796875 0.159375 0.0734375 0.16015625
0 0.66015625 0.1046875 0.10078125 0.08359375
0 0.8859375 0.31328125 0.07734375 0.0796875