0 0.4734375 0.39140625 0.02421875 0.04140625
0 0.51875 0.2578125 0.0203125 0.02734375
0 0.575 0.2125 0.0234375 0.03515625
0 0.41484375 0.29921875 0.028125 0.03359375
0 0.4078125 0.22734375 0.0203125 0.02109375
0 0.578125 0.50078125 0.0140625 0.025
0 0.58359375 0.53359375 0.02265625 0.0171875
0 0.6375 0.4109375 0.02109375 0.0203125
0 0.41875 0.771875 0.0359375 0.02578125
0 0.7109375 0.8828125 0.01875 0.040625
0 0.8515625 0.3203125 0.02421875 0.0203125
0 0.76640625 0.27109375 0.0375 0.0234375
0 0.7859375 0.42890625 0.02421875 0.025
0 0.84921875 0.49921875 0.02109375 0.02265625