0 0.65703125 0.87265625 0.109375 0.21015625
0 0.4515625 0.82265625 0.13671875 0.23671875
0 0.15703125 0.80703125 0.21953125 0.12265625
0 0.24921875 0.628125 0.17890625 0.09921875
0 0.059375 0.728125 0.11875 0.08515625
0 0.81484375 0.7203125 0.1859375 0.16015625
0 0.6890625 0.66640625 0.10703125 0.23125
0 0.56015625 0.68671875 0.10390625 0.1921875
0 0.4046875 0.565625 0.1796875 0.1046875
0 0.478125 0.6140625 0.140625 0.178125
0 0.40625 0.4234375 0.1515625 0.10703125
0 0.40546875 0.40859375 0.1671875 0.0671875
0 0.4578125 0.459375 0.17578125 0.1015625
0 0.634375 0.47109375 0.14375 0.11796875
0 0.67265625 0.375 0.140625 0.15
0 0.42578125 0.35 0.19921875 0.0703125
0 0.20234375 0.325 0.11640625 0.084375
0 0.1140625 0.61015625 0.08046875 0.16015625
0 0.0703125 0.16484375 0.140625 0.06953125
0 0.240625 0.18984375 0.11953125 0.14140625
0 0.34765625 0.275 0.18203125 0.084375
0 0.378125 0.22265625 0.14765625 0.090625
0 0.44609375 0.165625 0.15234375 0.065625
0 0.56796875 0.190625 0.115625 0.14765625
0 0.6625 0.2484375 0.1515625 0.06640625
0 0.7609375 0.2609375 0.1453125 0.1234375
0 0.77734375 0.33359375 0.065625 0.17265625
0 0.8359375 0.48984375 0.17421875 0.1125
0 0.96796875 0.51015625 0.06328125 0.18046875
0 0.84375 0.35234375 0.0625 0.159375
0 0.90390625 0.33671875 0.10859375 0.16796875
0 0.88125 0.19375 0.08359375 0.13828125
0 0.7859375 0.16171875 0.2234375 0.07265625
0 0.846875 0.1203125 0.05078125 0.07421875
0 0.9578125 0.13828125 0.08359375 0.1390625
0 0.28203125 0.46640625 0.0859375 0.178125
0 0.2921875 0.3625 0.1390625 0.1359375
0 0.18671875 0.42578125 0.1140625 0.128125
0 0.1859375 0.52421875 0.14921875 0.0890625
0 0.0265625 0.26328125 0.053125 0.08984375
0 0.0859375 0.27734375 0.08125 0.06171875
0 0.05703125 0.45625 0.1140625 0.07109375
0 0.0203125 0.37265625 0.040625 0.0453125
0 0.09765625 0.37421875 0.06953125 0.0625
0 0.04453125 0.56171875 0.0890625 0.1140625
0 0.74375 0.1171875 0.15390625 0.06640625