0 0.965625 0.9578125 0.06875 0.084375
0 0.89375 0.98203125 0.0484375 0.03515625
0 0.80859375 0.9734375 0.05078125 0.053125
0 0.875 0.91015625 0.08984375 0.10078125
0 0.9734375 0.87890625 0.053125 0.0484375
0 0.7609375 0.9 0.09609375 0.13125
0 0.684375 0.93984375 0.134375 0.07578125
0 0.63515625 0.84609375 0.12890625 0.109375
0 0.440625 0.93671875 0.12578125 0.11796875
0 0.4953125 0.84296875 0.12265625 0.1078125
0 0.31640625 0.8640625 0.115625 0.14140625
0 0.94609375 0.803125 0.08828125 0.13828125
0 0.865625 0.746875 0.09765625 0.1421875
0 0.95390625 0.7125 0.0921875 0.053125
0 0.7640625 0.765625 0.1125 0.1234375
0 0.6953125 0.74296875 0.0859375 0.1109375
0 0.9421875 0.61328125 0.11484375 0.1296875
0 0.8453125 0.5359375 0.13828125 0.11875
0 0.8015625 0.67578125 0.14296875 0.1296875
0 0.7390625 0.55234375 0.0890625 0.090625
0 0.68125 0.51171875 0.1265625 0.09609375
0 0.98359375 0.56953125 0.0328125 0.0703125
0 0.8640625 0.440625 0.08359375 0.07578125
0 0.79375 0.4140625 0.128125 0.121875
0 0.7171875 0.38671875 0.07734375 0.11328125
0 0.9109375 0.334375 0.1203125 0.05859375
0 0.96796875 0.37578125 0.0640625 0.09375
0 0.90859375 0.2453125 0.11953125 0.12578125
0 0.79765625 0.22421875 0.09140625 0.11953125
0 0.71796875 0.30390625 0.08828125 0.096875
0 0.68359375 0.26953125 0.09921875 0.08828125
0 0.746875 0.14453125 0.10859375 0.08828125
0 0.87890625 0.15078125 0.14921875 0.0796875
0 0.9609375 0.19296875 0.078125 0.0515625
0 0.95078125 0.0625 0.075 0.1
0 0.9578125 0.01875 0.0515625 0.0375
0 0.86875 0.059375 0.10859375 0.103125
0 0.81015625 0.05234375 0.1078125 0.1046875
0 0.71171875 0.0546875 0.07890625 0.08046875
0 0.6671875 0.14296875 0.0828125 0.07578125
0 0.5421875 0.78359375 0.10859375 0.13203125
0 0.6375 0.6546875 0.121875 0.05
0 0.62890625 0.71640625 0.07109375 0.06640625
0 0.58046875 0.70390625 0.0484375 0.05
0 0.53671875 0.6375 0.10390625 0.1140625
0 0.4765625 0.6171875 0.08203125 0.06484375
0 0.41015625 0.71875 0.12578125 0.1375
0 0.525 0.5296875 0.13671875 0.0921875
0 0.55703125 0.55078125 0.09375 0.04296875
0 0.425 0.5453125 0.07109375 0.0984375
0 0.3625 0.471875 0.0796875 0.09609375
0 0.525 0.4046875 0.1109375 0.11953125
0 0.60546875 0.39140625 0.07265625 0.07578125
0 0.65625 0.3828125 0.06484375 0.0890625
0 0.65390625 0.4390625 0.08828125 0.05546875
0 0.55390625 0.45859375 0.10546875 0.0453125
0 0.5765625 0.30625 0.03203125 0.03984375
0 0.5359375 0.3203125 0.07734375 0.05234375
0 0.46328125 0.30078125 0.09453125 0.1203125
0 0.53125 0.2390625 0.0921875 0.1015625
0 0.61953125 0.246875 0.090625 0.06796875
0 0.5859375 0.17421875 0.075 0.11015625
0 0.434375 0.2 0.09765625 0.1171875
0 0.44296875 0.13671875 0.0765625 0.0890625
0 0.49453125 0.140625 0.06796875 0.0625
0 0.5234375 0.071875 0.08046875 0.096875
0 0.63203125 0.0484375 0.09375 0.04453125
0 0.59453125 0.015625 0.0265625 0.03125
0 0.63046875 0.01484375 0.0359375 0.0296875
0 0.57578125 0.109375 0.10859375 0.0546875
0 0.35546875 0.08203125 0.09296875 0.1296875
0 0.428125 0.05625 0.12421875 0.09765625
0 0.39453125 0.021875 0.0546875 0.04375
0 0.42734375 0.0125 0.03125 0.025
0 0.22734375 0.76015625 0.11796875 0.1015625
0 0.153125 0.65390625 0.059375 0.121875
0 0.22734375 0.60859375 0.0765625 0.115625
0 0.3125 0.55 0.13046875 0.09296875
0 0.18515625 0.49296875 0.10859375 0.13046875
0 0.11328125 0.56171875 0.09140625 0.090625
0 0.1078125 0.44609375 0.1046875 0.115625
0 0.2171875 0.39609375 0.09296875 0.06875
0 0.2921875 0.3953125 0.05859375 0.12890625
0 0.33359375 0.3421875 0.0734375 0.1125
0 0.38046875 0.35078125 0.08828125 0.1296875
0 0.3046875 0.23359375 0.05078125 0.11171875
0 0.35546875 0.2078125 0.06484375 0.121875
0 0.2125 0.29375 0.1 0.09453125
0 0.26484375 0.3234375 0.05234375 0.0484375
0 0.15859375 0.3328125 0.0875 0.1140625
0 0.09453125 0.3546875 0.07734375 0.0859375
0 0.12109375 0.24140625 0.05390625 0.09765625
0 0.2234375 0.15546875 0.07578125 0.10703125
0 0.26015625 0.22734375 0.04921875 0.06640625
0 0.284375 0.1265625 0.0703125 0.140625
0 0.22265625 0.06015625 0.06328125 0.11953125
0 0.2984375 0.02734375 0.06953125 0.0546875
0 0.1390625 0.05 0.1015625 0.05390625
0 0.14375 0.02421875 0.053125 0.0484375
0 0.0421875 0.0234375 0.0484375 0.046875
0 0.0390625 0.13671875 0.0703125 0.11328125
0 0.12578125 0.13046875 0.08671875 0.10703125
0 0.0359375 0.06640625 0.06484375 0.04921875
0 0.03671875 0.22890625 0.07265625 0.09140625
0 0.0546875 0.2890625 0.0578125 0.09375
0 0.02109375 0.4640625 0.0421875 0.14140625
0 0.03046875 0.3375 0.0609375 0.08984375