0 0.0703125 0.403125 0.10703125 0.15703125
0 0.15546875 0.51640625 0.090625 0.1640625
0 0.19921875 0.359375 0.1640625 0.17734375
0 0.3171875 0.334375 0.1 0.19375
0 0.42578125 0.30546875 0.15078125 0.2109375
0 0.10390625 0.73671875 0.11328125 0.22421875
0 0.2421875 0.671875 0.096875 0.19375
0 0.34921875 0.5546875 0.15078125 0.18046875
0 0.13671875 0.92265625 0.140625 0.1546875
0 0.24765625 0.8140625 0.16015625 0.1234375
0 0.3578125 0.75703125 0.146875 0.14375
0 0.39921875 0.9140625 0.096875 0.17109375
0 0.5734375 0.8453125 0.096875 0.2203125
0 0.54453125 0.671875 0.1 0.2203125
0 0.51953125 0.5796875 0.096875 0.196875
0 0.628125 0.63671875 0.0671875 0.23046875
0 0.68984375 0.78359375 0.0765625 0.18359375
0 0.746875 0.61484375 0.10390625 0.15390625
0 0.809375 0.90390625 0.13125 0.1921875
0 0.91875 0.8921875 0.1 0.16015625
0 0.95078125 0.7265625 0.05 0.196875
0 0.8640625 0.66484375 0.05703125 0.1875
0 0.77734375 0.51171875 0.0765625 0.1734375
0 0.84375 0.36953125 0.08359375 0.1703125
0 0.9546875 0.41796875 0.090625 0.140625
0 0.9125 0.284375 0.10703125 0.1671875
0 0.61015625 0.2890625 0.11015625 0.20390625
0 0.73515625 0.2390625 0.09375 0.22421875
0 0.80546875 0.1921875 0.09375 0.196875
0 0.596875 0.1671875 0.2640625 0.09375
0 0.94921875 0.1890625 0.08046875 0.20390625