0 0.2625 0.4859375 0.1703125 0.15078125
0 0.2125 0.35625 0.10390625 0.0703125
0 0.35234375 0.32890625 0.13046875 0.15078125
0 0.44296875 0.525 0.1234375 0.140625
0 0.44921875 0.771875 0.08359375 0.1203125
0 0.5078125 0.70859375 0.09375 0.09375
0 0.70390625 0.603125 0.15078125 0.13046875
0 0.73515625 0.43984375 0.140625 0.13046875
0 0.5484375 0.42109375 0.08046875 0.140625
0 0.5 0.2859375 0.11015625 0.1171875
0 0.3828125 0.20546875 0.15078125 0.1234375
0 0.46953125 0.13203125 0.2171875 0.0765625
0 0.290625 0.13203125 0.10703125 0.090625
0 0.20859375 0.0703125 0.15078125 0.08046875
0 0.6203125 0.221875 0.05703125 0.14375
0 0.6953125 0.284375 0.06015625 0.12734375
0 0.76875 0.29609375 0.046875 0.13671875
0 0.84375 0.41953125 0.0703125 0.13671875
0 0.83359375 0.27578125 0.05 0.096875
0 0.6953125 0.8453125 0.0671875 0.0734375
0 0.7953125 0.73671875 0.11328125 0.08359375
0 0.8453125 0.61171875 0.0734375 0.11328125
0 0.8140625 0.940625 0.13671875 0.08359375
0 0.85234375 0.7953125 0.08671875 0.0734375
0 0.9375 0.87890625 0.090625 0.140625
0 0.9328125 0.71171875 0.08671875 0.11328125
0 0.934375 0.56328125 0.06328125 0.1171875
0 0.940625 0.39140625 0.0703125 0.08046875
0 0.9359375 0.20078125 0.08046875 0.11328125
0 0.65859375 0.11171875 0.10703125 0.13046875
0 0.71171875 0.10390625 0.0671875 0.13359375
0 0.8203125 0.11328125 0.096875 0.146875
0 0.76875 0.0671875 0.0671875 0.0734375
0 0.959375 0.1 0.08125 0.140625
0 0.5765625 0.06875 0.11015625 0.0765625
0 0.41796875 0.03359375 0.12734375 0.0671875