0 0.67578125 0.815625 0.11015625 0.14296875
0 0.57734375 0.84140625 0.11640625 0.07109375
0 0.48515625 0.83359375 0.0671875 0.0828125
0 0.52578125 0.75390625 0.1 0.1265625
0 0.4390625 0.7640625 0.103125 0.11328125
0 0.3734375 0.65078125 0.06015625 0.146875
0 0.0828125 0.659375 0.03125 0.0640625
0 0.11015625 0.62265625 0.0421875 0.11796875
0 0.1703125 0.63515625 0.04140625 0.05625
0 0.0421875 0.46171875 0.084375 0.09921875
0 0.0796875 0.3734375 0.0609375 0.128125
0 0.1625 0.3890625 0.06953125 0.13203125
0 0.1203125 0.31796875 0.05546875 0.103125
0 0.21171875 0.36640625 0.0546875 0.11875
0 0.2203125 0.54921875 0.0796875 0.1046875
0 0.24296875 0.4515625 0.1125 0.05625
0 0.3515625 0.47265625 0.0515625 0.128125
0 0.39921875 0.51796875 0.0484375 0.1140625
0 0.31484375 0.534375 0.1125 0.08046875
0 0.4890625 0.665625 0.04765625 0.09375
0 0.82265625 0.71796875 0.084375 0.12890625
0 0.9015625 0.75234375 0.06015625 0.13984375
0 0.96640625 0.7265625 0.0671875 0.109375
0 0.959375 0.86953125 0.08125 0.09296875
0 0.96171875 0.81171875 0.0765625 0.0796875
0 0.625 0.475 0.07890625 0.10234375
0 0.62265625 0.55859375 0.06171875 0.1203125
0 0.7421875 0.603125 0.04140625 0.1125
0 0.7015625 0.68671875 0.11328125 0.0734375
0 0.5859375 0.65546875 0.1296875 0.053125
0 0.65625 0.60859375 0.08515625 0.07890625
0 0.553125 0.60390625 0.0546875 0.0921875
0 0.5375 0.496875 0.06484375 0.128125
0 0.47890625 0.55703125 0.05703125 0.1328125
0 0.46015625 0.45 0.084375 0.11875
0 0.53828125 0.3578125 0.12890625 0.078125
0 0.63984375 0.38203125 0.11875 0.0703125
0 0.70625 0.47578125 0.0515625 0.12265625
0 0.76015625 0.41484375 0.08203125 0.08125
0 0.7296875 0.3296875 0.065625 0.12578125
0 0.84140625 0.3625 0.14765625 0.06328125
0 0.83359375 0.515625 0.04296875 0.121875
0 0.83984375 0.434375 0.05390625 0.05546875
0 0.78515625 0.5546875 0.04609375 0.09140625
0 0.87109375 0.6015625 0.13359375 0.04921875
0 0.96171875 0.54453125 0.05390625 0.13828125
0 0.89140625 0.484375 0.06484375 0.08125
0 0.96484375 0.428125 0.06953125 0.1453125
0 0.3078125 0.31328125 0.06171875 0.11328125
0 0.25546875 0.303125 0.04921875 0.11796875
0 0.375 0.30859375 0.0453125 0.13203125
0 0.43671875 0.32734375 0.05859375 0.125
0 0.57890625 0.2734375 0.1296875 0.0578125
0 0.571875 0.21796875 0.134375 0.05234375
0 0.675 0.2171875 0.075 0.1078125
0 0.8125 0.23203125 0.14375 0.06015625
0 0.88203125 0.29140625 0.12734375 0.05546875
0 0.9734375 0.27890625 0.053125 0.09609375
0 0.91796875 0.2125 0.0703125 0.08984375
0 0.96796875 0.1671875 0.0640625 0.0953125
0 0.86796875 0.14296875 0.0375 0.1
0 0.96484375 0.0734375 0.05078125 0.05
0 0.86171875 0.04609375 0.0609375 0.09140625
0 0.67890625 0.0359375 0.059375 0.071875
0 0.76015625 0.15546875 0.128125 0.065625
0 0.79609375 0.11640625 0.078125 0.10703125
0 0.6203125 0.12578125 0.06796875 0.1125
0 0.45546875 0.0703125 0.0671875 0.10234375
0 0.52265625 0.065625 0.0703125 0.10078125
0 0.41640625 0.0375 0.05546875 0.075
0 0.2984375 0.04375 0.04375 0.0875
0 0.34375 0.02890625 0.03515625 0.05703125
0 0.23671875 0.04140625 0.0421875 0.0828125
0 0.18046875 0.03671875 0.05078125 0.07265625
0 0.1265625 0.08671875 0.04765625 0.09765625
0 0.07890625 0.0578125 0.046875 0.115625
0 0.03359375 0.0484375 0.05 0.09609375
0 0.0140625 0.2234375 0.028125 0.1171875
0 0.04921875 0.1765625 0.0453125 0.1296875
0 0.0875 0.22578125 0.04453125 0.090625
0 0.134375 0.22890625 0.0515625 0.08828125
0 0.12265625 0.16171875 0.11796875 0.059375
0 0.20234375 0.1421875 0.05078125 0.12421875
0 0.2078125 0.25234375 0.078125 0.06953125
0 0.26953125 0.19375 0.07265625 0.0984375
0 0.38984375 0.1921875 0.090625 0.08203125
0 0.29921875 0.12265625 0.11484375 0.046875