0 0.18984375 0.41640625 0.10546875 0.19296875
0 0.29375 0.39296875 0.09296875 0.20390625
0 0.4140625 0.48359375 0.18515625 0.09765625
0 0.52734375 0.421875 0.12578125 0.18125
0 0.684375 0.5 0.1171875 0.18359375
0 0.8390625 0.42109375 0.12578125 0.19375
0 0.96953125 0.4109375 0.06015625 0.15859375
0 0.82109375 0.56328125 0.1640625 0.12890625
0 0.94375 0.6484375 0.1125 0.19921875
0 0.8640625 0.765625 0.1203125 0.1765625
0 0.9421875 0.8359375 0.109375 0.1796875
0 0.734375 0.71640625 0.11484375 0.22265625
0 0.515625 0.66328125 0.14140625 0.209375
0 0.62421875 0.68125 0.1578125 0.2515625
0 0.54609375 0.79375 0.19296875 0.1359375
0 0.315625 0.74453125 0.13984375 0.22578125
0 0.05390625 0.58203125 0.1046875 0.23515625
0 0.0734375 0.7921875 0.11328125 0.23984375
0 0.1703125 0.77578125 0.11875 0.2171875
0 0.2515625 0.88671875 0.1421875 0.1625
0 0.196875 0.95859375 0.11875 0.08203125
0 0.43203125 0.92578125 0.1078125 0.1484375
0 0.59765625 0.93125 0.0921875 0.1375
0 0.80546875 0.92734375 0.15546875 0.109375
0 0.884375 0.978125 0.1203125 0.04375
0 0.69765625 0.89921875 0.1171875 0.1109375
0 0.40703125 0.86640625 0.1640625 0.13125