0 0.7765625 0.90234375 0.17109375 0.14296875
0 0.63984375 0.9546875 0.15625 0.090625
0 0.46171875 0.92734375 0.1140625 0.1453125
0 0.38203125 0.90078125 0.121875 0.17890625
0 0.1953125 0.9484375 0.0875 0.103125
0 0.09765625 0.98125 0.06015625 0.03671875
0 0.14609375 0.884375 0.134375 0.13984375
0 0.0484375 0.8578125 0.08515625 0.1078125
0 0.1640625 0.71171875 0.0734375 0.159375
0 0.2625 0.6703125 0.07578125 0.15625
0 0.06328125 0.72265625 0.06484375 0.16328125
0 0.01953125 0.60859375 0.034375 0.1328125
0 0.06171875 0.53984375 0.05625 0.13984375
0 0.04140625 0.4328125 0.0546875 0.1296875
0 0.12109375 0.4375 0.1109375 0.0890625
0 0.61171875 0.30625 0.09453125 0.16484375
0 0.6125 0.54453125 0.084375 0.184375
0 0.7140625 0.4078125 0.07734375 0.15703125
0 0.796875 0.509375 0.07890625 0.159375
0 0.80546875 0.61953125 0.1734375 0.07890625
0 0.69609375 0.6484375 0.121875 0.17578125
0 0.89921875 0.66015625 0.2015625 0.0671875
0 0.84921875 0.775 0.153125 0.10859375
0 0.70625 0.77734375 0.1578125 0.153125
0 0.47421875 0.71640625 0.1046875 0.1953125
0 0.37109375 0.6859375 0.16328125 0.08671875
0 0.359375 0.61640625 0.109375 0.0921875
0 0.42734375 0.55625 0.07578125 0.1453125
0 0.53046875 0.59921875 0.11484375 0.1578125
0 0.44765625 0.4453125 0.09140625 0.14453125
0 0.38359375 0.46640625 0.08125 0.14296875
0 0.30859375 0.54609375 0.1359375 0.10546875
0 0.1859375 0.60625 0.10078125 0.1046875
0 0.1640625 0.48046875 0.1015625 0.10078125
0 0.25625 0.3875 0.06015625 0.10234375
0 0.265625 0.49140625 0.075 0.07578125
0 0.25234375 0.2609375 0.09296875 0.12265625
0 0.2921875 0.19765625 0.0828125 0.10703125
0 0.340625 0.103125 0.06171875 0.13203125
0 0.41171875 0.090625 0.0734375 0.1265625
0 0.49609375 0.07109375 0.075 0.10078125
0 0.54921875 0.15703125 0.1125 0.12265625
0 0.63671875 0.059375 0.084375 0.11875
0 0.7421875 0.09921875 0.190625 0.08046875
0 0.75 0.034375 0.06796875 0.06875
0 0.8984375 0.125 0.09921875 0.14609375
0 0.84765625 0.03515625 0.05625 0.0703125
0 0.86328125 0.26484375 0.11875 0.11015625
0 0.76640625 0.290625 0.075 0.1796875
0 0.9453125 0.39453125 0.0828125 0.1765625
0 0.8546875 0.471875 0.0796875 0.17421875
0 0.96640625 0.06875 0.0671875 0.1125
0 0.259375 0.03125 0.03671875 0.0625
0 0.13125 0.13359375 0.05078125 0.13203125
0 0.18125 0.03046875 0.1046875 0.059375
0 0.06171875 0.1203125 0.10859375 0.0859375
0 0.05390625 0.0296875 0.0609375 0.059375
0 0.103125 0.04921875 0.0578125 0.0640625
0 0.02734375 0.2875 0.05390625 0.103125
0 0.07421875 0.28515625 0.05 0.12734375
0 0.13125 0.35078125 0.07890625 0.08203125
0 0.10625 0.23984375 0.071875 0.09453125
0 0.19140625 0.18515625 0.0734375 0.14453125
0 0.46640625 0.25546875 0.1125 0.1390625
0 0.49140625 0.3546875 0.06328125 0.14375
0 0.3828125 0.30703125 0.05625 0.17578125
0 0.6515625 0.221875 0.078125 0.159375
0 0.7703125 0.184375 0.16484375 0.07265625
0 0.5546875 0.0375 0.0625 0.075
0 0.96171875 0.8390625 0.0765625 0.15625