0 0.62265625 0.63125 0.1109375 0.12109375
0 0.78203125 0.9203125 0.0875 0.159375
0 0.77734375 0.775 0.0796875 0.12109375
0 0.75078125 0.65546875 0.0734375 0.13671875
0 0.87890625 0.5546875 0.09453125 0.14765625
0 0.9265625 0.44453125 0.12734375 0.0734375
0 0.29296875 0.76875 0.103125 0.10390625
0 0.34609375 0.69296875 0.08125 0.13359375
0 0.4390625 0.61875 0.07265625 0.1234375
0 0.03671875 0.4609375 0.0734375 0.0640625
0 0.04140625 0.4078125 0.0828125 0.05859375
0 0.08828125 0.51796875 0.08671875 0.0765625
0 0.15859375 0.44765625 0.071875 0.0859375
0 0.1953125 0.40625 0.0875 0.08515625
0 0.28359375 0.3640625 0.11015625 0.08203125
0 0.3546875 0.37578125 0.08984375 0.078125
0 0.4203125 0.4109375 0.0953125 0.0578125
0 0.3859375 0.54140625 0.0609375 0.090625
0 0.39375 0.4953125 0.0796875 0.10625
0 0.3734375 0.596875 0.05546875 0.04609375
0 0.4734375 0.515625 0.03984375 0.065625
0 0.56484375 0.39140625 0.09140625 0.04765625
0 0.50625 0.47421875 0.03828125 0.0453125
0 0.50703125 0.43046875 0.05234375 0.0359375
0 0.7875 0.571875 0.04765625 0.034375
0 0.8484375 0.2796875 0.065625 0.06328125
0 0.88125 0.38359375 0.08125 0.06484375
0 0.43671875 0.3171875 0.05078125 0.09140625
0 0.31640625 0.3078125 0.0828125 0.05390625
0 0.25859375 0.240625 0.09375 0.03828125
0 0.34296875 0.17734375 0.1125 0.0375
0 0.5578125 0.1640625 0.05546875 0.03125
0 0.60703125 0.26015625 0.053125 0.08046875
0 0.66484375 0.3671875 0.084375 0.06171875
0 0.76640625 0.32109375 0.08046875 0.0640625
0 0.734375 0.39375 0.05390625 0.0671875
0 0.8109375 0.4765625 0.11875 0.034375
0 0.78046875 0.5328125 0.0609375 0.046875
0 0.78203125 0.2828125 0.07265625 0.05703125
0 0.68828125 0.296875 0.09375 0.0546875
0 0.646875 0.31640625 0.071875 0.04296875
0 0.703125 0.25703125 0.07890625 0.05078125
0 0.5484375 0.31328125 0.078125 0.09375
0 0.4796875 0.35546875 0.0609375 0.0828125
0 0.6046875 0.3421875 0.03671875 0.06171875
0 0.56953125 0.2859375 0.0515625 0.08515625
0 0.54140625 0.24453125 0.0921875 0.046875
0 0.43828125 0.24140625 0.0703125 0.034375
0 0.44140625 0.27578125 0.0984375 0.0390625
0 0.47734375 0.2109375 0.0796875 0.03203125
0 0.53984375 0.18984375 0.06015625 0.06875
0 0.59296875 0.20234375 0.0703125 0.05
0 0.353125 0.284375 0.0453125 0.0671875
0 0.32421875 0.23046875 0.0546875 0.04921875
0 0.84375 0.32890625 0.0921875 0.04140625
0 0.7984375 0.43671875 0.05859375 0.04296875