0 0.2171875 0.1125 0.16640625 0.1875
0 0.3359375 0.396875 0.0921875 0.20078125
0 0.30390625 0.65 0.0890625 0.17890625
0 0.15625 0.6296875 0.071875 0.209375
0 0.33125 0.87578125 0.0546875 0.190625
0 0.21640625 0.77421875 0.07734375 0.2046875
0 0.0921875 0.6625 0.090625 0.19375
0 0.15 0.8921875 0.0859375 0.1890625
0 0.04609375 0.77890625 0.0921875 0.17109375
0 0.53359375 0.93203125 0.103125 0.13515625
0 0.75390625 0.5171875 0.08984375 0.17734375
0 0.8671875 0.6328125 0.065625 0.18203125
0 0.58203125 0.3625 0.0796875 0.18828125
0 0.65625 0.45078125 0.0734375 0.18984375
0 0.50546875 0.503125 0.07109375 0.18671875
0 0.40859375 0.590625 0.0671875 0.1734375
0 0.4484375 0.2875 0.140625 0.1609375
0 0.35078125 0.1375 0.08515625 0.190625
0 0.43046875 0.05703125 0.08359375 0.11171875
0 0.08984375 0.25859375 0.1515625 0.1953125
0 0.19140625 0.32109375 0.08046875 0.2
0 0.2578125 0.284375 0.08671875 0.19453125
0 0.071875 0.45546875 0.14375 0.128125
0 0.53125 0.67578125 0.08671875 0.1765625
0 0.6625 0.76796875 0.1203125 0.16484375
0 0.76875 0.809375 0.134375 0.1375
0 0.86015625 0.86171875 0.1015625 0.1515625
0 0.95703125 0.86875 0.08515625 0.17578125
0 0.81953125 0.44921875 0.11015625 0.1546875
0 0.72890625 0.3265625 0.0796875 0.17109375
0 0.60703125 0.1609375 0.1375 0.1734375
0 0.7265625 0.0453125 0.05859375 0.090625
0 0.9171875 0.1015625 0.165625 0.16484375
0 0.86953125 0.346875 0.09375 0.175
0 0.96875 0.2859375 0.06171875 0.184375
0 0.959375 0.4515625 0.08125 0.159375
0 0.7390625 0.97734375 0.09921875 0.0453125
0 0.62890625 0.9515625 0.134375 0.096875
0 0.26953125 0.9625 0.0703125 0.075
0 0.0484375 0.95546875 0.0828125 0.0890625
0 0.0609375 0.0375 0.121875 0.075
0 0.06875 0.12890625 0.1375 0.08046875
0 0.5703125 0.0265625 0.1296875 0.05234375
0 0.8703125 0.2046875 0.17265625 0.078125
0 0.71796875 0.62734375 0.14765625 0.1375
0 0.6125 0.65859375 0.07421875 0.1859375
0 0.4015625 0.759375 0.1265625 0.10703125
0 0.6234375 0.85390625 0.15 0.12265625
0 0.26953125 0.5109375 0.06015625 0.17578125