0 0.378125 0.6984375 0.04765625 0.0515625
0 0.19453125 0.61640625 0.0265625 0.04140625
0 0.28515625 0.56640625 0.0453125 0.03203125
0 0.3640625 0.515625 0.03125 0.06015625
0 0.2078125 0.45703125 0.04296875 0.04609375
0 0.203125 0.734375 0.03125 0.05625
0 0.25859375 0.78515625 0.04140625 0.03515625
0 0.0296875 0.83046875 0.05859375 0.03984375
0 0.046875 0.91484375 0.034375 0.0328125
0 0.13984375 0.91796875 0.03515625 0.040625
0 0.4859375 0.90546875 0.0453125 0.0609375
0 0.52421875 0.87578125 0.05859375 0.0421875
0 0.64765625 0.91015625 0.034375 0.06171875
0 0.6140625 0.82734375 0.0328125 0.0609375
0 0.66796875 0.83125 0.0578125 0.03671875
0 0.69375 0.790625 0.0640625 0.03359375
0 0.8359375 0.68984375 0.04296875 0.05234375
0 0.77890625 0.62265625 0.03828125 0.0578125
0 0.49296875 0.6640625 0.0390625 0.046875
0 0.5375 0.74375 0.0328125 0.0546875
0 0.5984375 0.77734375 0.05546875 0.03359375
0 0.53359375 0.5171875 0.046875 0.02578125
0 0.6015625 0.55234375 0.0328125 0.0359375
0 0.634375 0.58359375 0.0328125 0.03359375
0 0.4859375 0.44921875 0.06171875 0.04296875
0 0.78359375 0.42734375 0.04921875 0.04609375
0 0.20234375 0.15390625 0.02890625 0.0359375
0 0.50625 0.33828125 0.05078125 0.0328125
0 0.71640625 0.30234375 0.03828125 0.03046875