0 0.796875 0.70625 0.1328125 0.11484375
0 0.92890625 0.06875 0.06328125 0.1375
0 0.9796875 0.07265625 0.040625 0.1453125
0 0.8421875 0.13515625 0.1296875 0.121875
0 0.85546875 0.05 0.08203125 0.1
0 0.77734375 0.0421875 0.059375 0.08359375
0 0.81171875 0.2484375 0.15546875 0.121875
0 0.92421875 0.26875 0.14609375 0.15625
0 0.7203125 0.10390625 0.109375 0.1765625
0 0.578125 0.0421875 0.075 0.084375
0 0.63203125 0.0453125 0.06640625 0.090625
0 0.67734375 0.05078125 0.08046875 0.10078125
0 0.48984375 0.1046875 0.10390625 0.19140625
0 0.44765625 0.02265625 0.0359375 0.0453125
0 0.36640625 0.13046875 0.134375 0.10390625
0 0.3390625 0.0703125 0.09375 0.140625
0 0.24140625 0.0734375 0.08359375 0.146875
0 0.03671875 0.14296875 0.0734375 0.13828125
0 0.1078125 0.0796875 0.11484375 0.05546875
0 0.05703125 0.03046875 0.03984375 0.0609375
0 0.09296875 0.02578125 0.0453125 0.0515625
0 0.1359375 0.02890625 0.053125 0.0578125
0 0.18828125 0.03984375 0.0640625 0.0796875
0 0.021875 0.0359375 0.04375 0.071875
0 0.1390625 0.18984375 0.09296875 0.14140625
0 0.01875 0.3 0.0375 0.11875
0 0.046875 0.26953125 0.06875 0.14140625
0 0.27734375 0.2828125 0.13359375 0.146875
0 0.2671875 0.18984375 0.1359375 0.084375
0 0.66171875 0.2875 0.10625 0.1671875
0 0.54453125 0.29296875 0.09609375 0.14765625
0 0.45 0.37890625 0.1265625 0.17578125
0 0.053125 0.3953125 0.075 0.11484375
0 0.1125 0.37578125 0.05703125 0.16640625
0 0.21328125 0.396875 0.1125 0.16171875
0 0.3609375 0.3046875 0.08515625 0.134375
0 0.296875 0.4453125 0.07890625 0.15078125
0 0.3515625 0.46328125 0.084375 0.12734375
0 0.4609375 0.2484375 0.109375 0.05859375
0 0.5578125 0.19609375 0.13203125 0.090625
0 0.75859375 0.353125 0.13671875 0.12734375
0 0.6140625 0.4609375 0.17734375 0.08203125
0 0.7828125 0.578125 0.096875 0.18203125
0 0.89765625 0.5609375 0.1203125 0.14453125
0 0.94609375 0.590625 0.10703125 0.12421875
0 0.96015625 0.7265625 0.0796875 0.115625
0 0.95546875 0.8984375 0.0890625 0.20234375
0 0.87421875 0.9640625 0.18046875 0.071875
0 0.76015625 0.96953125 0.109375 0.06015625
0 0.73046875 0.884375 0.17109375 0.07421875
0 0.76875 0.8109375 0.1625 0.084375
0 0.64765625 0.6390625 0.084375 0.171875
0 0.5453125 0.5984375 0.09375 0.1703125
0 0.44609375 0.55390625 0.0796875 0.13828125
0 0.32890625 0.584375 0.0953125 0.1453125
0 0.45390625 0.71484375 0.12109375 0.1015625
0 0.021875 0.50859375 0.04375 0.19765625
0 0.128125 0.52265625 0.14140625 0.0921875
0 0.22578125 0.50625 0.06328125 0.11640625
0 0.03125 0.6390625 0.0625 0.1375
0 0.09296875 0.64921875 0.06796875 0.125
0 0.12734375 0.65859375 0.1 0.13359375
0 0.0328125 0.78671875 0.06171875 0.171875
0 0.225 0.6875 0.075 0.1796875
0 0.3515625 0.76015625 0.07421875 0.175
0 0.3859375 0.91484375 0.134375 0.1046875
0 0.47890625 0.92421875 0.0828125 0.125
0 0.57265625 0.8765625 0.1375 0.10625
0 0.584375 0.7703125 0.29296875 0.08828125
0 0.1171875 0.91875 0.1328125 0.1625
0 0.14296875 0.8515625 0.1140625 0.15
0 0.19609375 0.828125 0.11875 0.1484375
0 0.03515625 0.9546875 0.0703125 0.090625
0 0.56484375 0.93984375 0.08359375 0.1203125