0 0.01875 0.2609375 0.03671875 0.09375
0 0.06328125 0.1421875 0.06015625 0.0765625
0 0.06171875 0.5578125 0.1234375 0.10703125
0 0.06015625 0.46328125 0.1203125 0.090625
0 0.10546875 0.31953125 0.05703125 0.0703125
0 0.11015625 0.20859375 0.08046875 0.08359375
0 0.24375 0.2390625 0.1203125 0.10390625
0 0.20703125 0.171875 0.11328125 0.003125
0 0.28046875 0.18359375 0.10703125 0.16015625
0 0.29375 0.3125 0.06015625 0.0765625
0 0.35078125 0.16875 0.1 0.05
0 0.1953125 0.1171875 0.0765625 0.06015625
0 0.37421875 0.090625 0.0671875 0.1203125
0 0.2859375 0.5015625 0.13046875 0.1
0 0.34453125 0.384375 0.0265625 0.12734375
0 0.04140625 0.81328125 0.0828125 0.1171875
0 0.090625 0.83046875 0.0671875 0.096875
0 0.13203125 0.71875 0.090625 0.1
0 0.1171875 0.6265625 0.1203125 0.08359375
0 0.2171875 0.61171875 0.11328125 0.12734375
0 0.34921875 0.61640625 0.13671875 0.15703125
0 0.42265625 0.51953125 0.08359375 0.08359375
0 0.4125 0.39453125 0.05703125 0.1203125
0 0.49765625 0.27109375 0.1 0.1671875
0 0.34765625 0.23046875 0.0734375 0.0734375
0 0.4140625 0.22421875 0.0671875 0.11328125
0 0.5078125 0.1171875 0.146875 0.10703125
0 0.90234375 0.103125 0.1953125 0.1125
0 0.365625 0.9546875 0.13671875 0.090625
0 0.18515625 0.92890625 0.1234375 0.1421875
0 0.284375 0.85234375 0.11328125 0.11328125
0 0.403125 0.87734375 0.14375 0.096875
0 0.46328125 0.88203125 0.06328125 0.08046875
0 0.32421875 0.72890625 0.12734375 0.1
0 0.453125 0.75859375 0.11015625 0.03359375
0 0.4109375 0.66171875 0.0734375 0.0671875
0 0.44140625 0.70390625 0.0671875 0.03671875
0 0.5234375 0.5984375 0.08359375 0.06015625
0 0.4796875 0.528125 0.06328125 0.0671875
0 0.5546875 0.5234375 0.146875 0.0703125
0 0.5484375 0.40625 0.06015625 0.13671875
0 0.6046875 0.41796875 0.0671875 0.1
0 0.65859375 0.59140625 0.12734375 0.0734375
0 0.66484375 0.4546875 0.0734375 0.09375
0 0.6921875 0.3875 0.0671875 0.09375
0 0.6734375 0.290625 0.090625 0.1203125
0 0.553125 0.2453125 0.05703125 0.090625
0 0.603125 0.27109375 0.05703125 0.0734375
0 0.740625 0.24921875 0.13046875 0.090625
0 0.54453125 0.76015625 0.08671875 0.1640625
0 0.6046875 0.7453125 0.09375 0.13359375
0 0.68359375 0.6734375 0.090625 0.13671875
0 0.68046875 0.603125 0.05 0.08359375
0 0.68828125 0.54453125 0.053125 0.08046875
0 0.76171875 0.484375 0.053125 0.08671875
0 0.77890625 0.43125 0.08046875 0.06015625
0 0.7921875 0.340625 0.1203125 0.1
0 0.94296875 0.334375 0.1140625 0.08671875
0 0.90546875 0.2375 0.09375 0.08046875
0 0.1703125 0.3859375 0.046875 0.08359375
0 0.27109375 0.4328125 0.1 0.1171875
0 0.4609375 0.42578125 0.09375 0.090625
0 0.53671875 0.89609375 0.0765625 0.0734375
0 0.621875 0.8375 0.0671875 0.1234375
0 0.68515625 0.8203125 0.08671875 0.1234375
0 0.73359375 0.75546875 0.090625 0.1203125
0 0.78203125 0.696875 0.0734375 0.1234375
0 0.89921875 0.73046875 0.1203125 0.10390625
0 0.884375 0.61640625 0.13046875 0.0703125
0 0.82734375 0.5078125 0.05 0.08671875
0 0.8921875 0.49453125 0.08046875 0.08671875
0 0.934375 0.575 0.06328125 0.13359375
0 0.9796875 0.5046875 0.040625 0.08671875
0 0.73671875 0.915625 0.090625 0.0671875
0 0.83359375 0.79375 0.10390625 0.0703125
0 0.86875 0.98125 0.11328125 0.0375
0 0.92890625 0.90234375 0.06015625 0.053125
0 0.94609375 0.8140625 0.0671875 0.0765625
0 0.56484375 0.97421875 0.11328125 0.05078125