0 0.0609375 0.03125 0.121875 0.0625
0 0.1828125 0.0703125 0.10625 0.140625
0 0.30078125 0.07109375 0.1421875 0.1421875
0 0.43984375 0.08125 0.09765625 0.13984375
0 0.578125 0.05625 0.0984375 0.1125
0 0.64140625 0.13203125 0.11015625 0.19921875
0 0.70703125 0.06328125 0.1171875 0.1265625
0 0.8609375 0.03046875 0.175 0.0609375
0 0.95625 0.16796875 0.08125 0.22265625
0 0.8671875 0.15078125 0.13671875 0.196875
0 0.73359375 0.18828125 0.14296875 0.171875
0 0.809375 0.303125 0.109375 0.17890625
0 0.91171875 0.41171875 0.17578125 0.15
0 0.65546875 0.371875 0.15546875 0.16796875
0 0.56953125 0.39296875 0.12421875 0.15703125
0 0.4484375 0.3546875 0.11015625 0.15859375
0 0.3921875 0.225 0.10625 0.16484375
0 0.5359375 0.18515625 0.09609375 0.1859375
0 0.28828125 0.2203125 0.09453125 0.14765625
0 0.2046875 0.21171875 0.08984375 0.15703125
0 0.134375 0.159375 0.103125 0.14921875
0 0.0421875 0.0953125 0.07578125 0.0671875
0 0.04296875 0.2734375 0.0859375 0.159375
0 0.04296875 0.18359375 0.0859375 0.0765625
0 0.171875 0.3640625 0.13046875 0.1515625
0 0.28515625 0.37734375 0.0984375 0.165625
0 0.3765625 0.415625 0.09921875 0.15703125
0 0.7640625 0.525 0.07890625 0.15625
0 0.69140625 0.51171875 0.08125 0.19375
0 0.6359375 0.57421875 0.11796875 0.18203125
0 0.53125 0.50546875 0.1375 0.1328125
0 0.5265625 0.59453125 0.0921875 0.13828125
0 0.40234375 0.5390625 0.05390625 0.075
0 0.3375 0.53671875 0.05234375 0.08359375
0 0.17890625 0.509375 0.13828125 0.10390625
0 0.04609375 0.45703125 0.084375 0.13984375
0 0.0765625 0.36171875 0.09296875 0.12578125
0 0.02265625 0.6375 0.0453125 0.11953125
0 0.0859375 0.603125 0.08671875 0.16875
0 0.1609375 0.60703125 0.090625 0.125
0 0.21015625 0.71640625 0.1015625 0.13984375
0 0.16953125 0.7484375 0.1203125 0.10546875
0 0.1140625 0.80703125 0.08515625 0.13984375
0 0.03046875 0.75546875 0.0609375 0.1109375
0 0.05546875 0.9125 0.1 0.1234375
0 0.21640625 0.871875 0.16640625 0.1125
0 0.18515625 0.8390625 0.16640625 0.0828125
0 0.33359375 0.8890625 0.1078125 0.153125
0 0.30703125 0.975 0.08515625 0.05
0 0.40546875 0.984375 0.084375 0.03125
0 0.43046875 0.8328125 0.10078125 0.15390625
0 0.5171875 0.75859375 0.09609375 0.1484375
0 0.6015625 0.7296875 0.08125 0.14609375
0 0.690625 0.73203125 0.08828125 0.15
0 0.84140625 0.62265625 0.10078125 0.18671875
0 0.95078125 0.5984375 0.09765625 0.12109375
0 0.91015625 0.746875 0.1796875 0.10390625
0 0.86015625 0.8328125 0.16875 0.1203125
0 0.90234375 0.9359375 0.1953125 0.1234375
0 0.7359375 0.89453125 0.16796875 0.11953125
0 0.371875 0.653125 0.17578125 0.15625