0 0.4984375 0.08515625 0.0875 0.071875
0 0.396875 0.06953125 0.04609375 0.0640625
0 0.4203125 0.14921875 0.0296875 0.09296875
0 0.46484375 0.159375 0.04375 0.06640625
0 0.58671875 0.1828125 0.05703125 0.1046875
0 0.50859375 0.23125 0.0359375 0.10390625
0 0.559375 0.29453125 0.04140625 0.1171875
0 0.45546875 0.265625 0.06484375 0.06875
0 0.31015625 0.27734375 0.06171875 0.03515625
0 0.4328125 0.3328125 0.03046875 0.06953125
0 0.38671875 0.33984375 0.05 0.06953125
0 0.3328125 0.2390625 0.08515625 0.0296875
0 0.35234375 0.15625 0.0671875 0.06640625
0 0.3375 0.06171875 0.06171875 0.07109375
0 0.2765625 0.12578125 0.06796875 0.04921875
0 0.2140625 0.078125 0.0390625 0.06171875
0 0.28359375 0.05390625 0.03828125 0.08671875
0 0.1984375 0.175 0.0375 0.06640625
0 0.2671875 0.18046875 0.0734375 0.04609375
0 0.215625 0.2453125 0.04609375 0.040625
0 0.2515625 0.3328125 0.04921875 0.0546875
0 0.2140625 0.39921875 0.08203125 0.03125
0 0.296875 0.359375 0.03203125 0.06171875
0 0.33515625 0.35390625 0.03828125 0.06015625
0 0.33046875 0.4234375 0.046875 0.06171875
0 0.415625 0.425 0.06171875 0.0875
0 0.484375 0.36328125 0.0546875 0.0578125
0 0.54609375 0.39453125 0.0578125 0.08515625
0 0.48515625 0.425 0.06015625 0.040625
0 0.5 0.51328125 0.03671875 0.0828125
0 0.53984375 0.52890625 0.03203125 0.07890625
0 0.57578125 0.46875 0.03828125 0.04921875
0 0.60546875 0.39921875 0.053125 0.084375
0 0.4546875 0.51796875 0.04453125 0.08046875
0 0.409375 0.55703125 0.04140625 0.06328125
0 0.44453125 0.60859375 0.06953125 0.03828125
0 0.50390625 0.63515625 0.03046875 0.08515625
0 0.5453125 0.6359375 0.04296875 0.09375
0 0.60859375 0.58046875 0.04609375 0.0984375
0 0.61953125 0.65234375 0.04296875 0.0375
0 0.57734375 0.690625 0.02578125 0.06171875
0 0.60234375 0.74375 0.02578125 0.06953125
0 0.528125 0.76015625 0.06328125 0.0625
0 0.396875 0.70703125 0.0546875 0.06484375
0 0.34921875 0.7328125 0.0328125 0.03515625
0 0.3578125 0.64609375 0.0296875 0.06171875
0 0.459375 0.73125 0.03984375 0.04296875
0 0.43984375 0.675 0.0265625 0.04921875
0 0.4015625 0.64765625 0.028125 0.04765625
0 0.321875 0.525 0.02890625 0.046875
0 0.36015625 0.4890625 0.03984375 0.05390625
0 0.27109375 0.53359375 0.059375 0.06015625
0 0.2609375 0.675 0.08359375 0.03515625
0 0.2859375 0.596875 0.03125 0.046875
0 0.41015625 0.80625 0.0625 0.0484375
0 0.628125 0.87578125 0.05859375 0.06796875
0 0.5703125 0.865625 0.046875 0.02890625
0 0.7765625 0.95078125 0.05 0.0984375
0 0.81796875 0.59375 0.096875 0.06640625
0 0.8015625 0.69453125 0.053125 0.09765625
0 0.66796875 0.93203125 0.04296875 0.13203125
0 0.4546875 0.89453125 0.0390625 0.04375
0 0.5359375 0.9109375 0.04609375 0.05859375
0 0.46484375 0.9484375 0.08671875 0.0484375
0 0.49609375 0.846875 0.0484375 0.04609375
0 0.37890625 0.965625 0.03515625 0.05703125
0 0.553125 0.971875 0.0375 0.05625
0 0.6125 0.97421875 0.04921875 0.0484375
0 0.8265625 0.909375 0.06171875 0.07421875
0 0.8171875 0.83046875 0.06875 0.07109375