0 0.240625 0.4828125 0.059375 0.04609375
0 0.396875 0.51015625 0.03828125 0.05078125
0 0.38671875 0.44453125 0.04765625 0.03828125
0 0.31171875 0.5609375 0.0578125 0.028125
0 0.4359375 0.665625 0.08046875 0.084375
0 0.43046875 0.58125 0.07265625 0.04765625
0 0.47421875 0.521875 0.0359375 0.04453125
0 0.35234375 0.61953125 0.0625 0.04296875
0 0.37265625 0.6703125 0.04609375 0.04453125
0 0.42890625 0.765625 0.05234375 0.05078125
0 0.4859375 0.73984375 0.05390625 0.05234375
0 0.57578125 0.7 0.0546875 0.04140625
0 0.65078125 0.70078125 0.04609375 0.05234375
0 0.53515625 0.58671875 0.03828125 0.0578125
0 0.56640625 0.475 0.07109375 0.06953125