0 0.6015625 0.83671875 0.06875 0.12578125
0 0.4984375 0.9421875 0.0859375 0.115625
0 0.38125 0.77109375 0.06875 0.16015625
0 0.2390625 0.7015625 0.153125 0.06171875
0 0.30234375 0.5859375 0.0625 0.1609375
0 0.40859375 0.6515625 0.1375 0.0859375
0 0.08125 0.4734375 0.1046875 0.16953125
0 0.21640625 0.4828125 0.0703125 0.07890625
0 0.14140625 0.3625 0.05390625 0.15625
0 0.18828125 0.3109375 0.05859375 0.15
0 0.109375 0.21640625 0.05 0.15078125
0 0.040625 0.2046875 0.08046875 0.14296875
0 0.2546875 0.37890625 0.07109375 0.16484375
0 0.3609375 0.3640625 0.1046875 0.10078125
0 0.3296875 0.26796875 0.0703125 0.1765625
0 0.240625 0.2296875 0.0890625 0.134375
0 0.265625 0.16171875 0.08828125 0.06875
0 0.3359375 0.1125 0.0640625 0.0765625
0 0.4296875 0.24296875 0.07890625 0.13046875
0 0.51484375 0.240625 0.0796875 0.09296875
0 0.3671875 0.5359375 0.06171875 0.10546875
0 0.4125 0.47578125 0.059375 0.128125
0 0.4515625 0.428125 0.046875 0.14375
0 0.52734375 0.33046875 0.07578125 0.06875
0 0.4921875 0.5796875 0.1046875 0.065625
0 0.51171875 0.665625 0.05078125 0.1453125
0 0.5640625 0.67109375 0.05078125 0.14765625
0 0.63671875 0.61640625 0.06953125 0.115625
0 0.67265625 0.72578125 0.0390625 0.0671875
0 0.71015625 0.675 0.04375 0.11640625
0 0.7484375 0.6421875 0.0484375 0.096875
0 0.7453125 0.7796875 0.08828125 0.0453125
0 0.66796875 0.828125 0.09453125 0.05546875
0 0.8125 0.70234375 0.0765625 0.0890625
0 0.81875 0.79140625 0.05546875 0.078125
0 0.7015625 0.88828125 0.04140625 0.10234375
0 0.6953125 0.965625 0.0890625 0.06875
0 0.81796875 0.95859375 0.04140625 0.0828125
0 0.878125 0.878125 0.04921875 0.09765625
0 0.93203125 0.96875 0.04609375 0.06171875
0 0.9625 0.903125 0.0734375 0.04921875
0 0.92109375 0.8265625 0.0546875 0.090625
0 0.9671875 0.81953125 0.046875 0.0984375
0 0.934375 0.72109375 0.0421875 0.09609375
0 0.8734375 0.71953125 0.034375 0.096875
0 0.80625 0.6140625 0.0609375 0.07734375
0 0.84296875 0.53828125 0.0625 0.08125
0 0.89609375 0.5171875 0.06953125 0.05
0 0.9453125 0.484375 0.04609375 0.0734375
0 0.98671875 0.47734375 0.0265625 0.0390625
0 0.7359375 0.4828125 0.04609375 0.1140625
0 0.6703125 0.5109375 0.04453125 0.12421875
0 0.61953125 0.4890625 0.0484375 0.115625
0 0.5875 0.3625 0.046875 0.11953125
0 0.58984375 0.453125 0.07109375 0.04453125
0 0.55390625 0.52890625 0.06953125 0.08515625
0 0.7875 0.3953125 0.034375 0.06796875
0 0.865625 0.434375 0.0796875 0.04375
0 0.90390625 0.28515625 0.046875 0.08515625
0 0.75859375 0.334375 0.03515625 0.1078125
0 0.71328125 0.309375 0.03984375 0.11796875
0 0.64453125 0.321875 0.0515625 0.12109375
0 0.571875 0.17265625 0.09453125 0.0453125
0 0.65859375 0.16953125 0.0625 0.09921875
0 0.75078125 0.19609375 0.0453125 0.09453125
0 0.85859375 0.18203125 0.0578125 0.08671875
0 0.80625 0.084375 0.08359375 0.075
0 0.6828125 0.04375 0.046875 0.0875
0 0.74453125 0.03984375 0.04375 0.075
0 0.5875 0.07578125 0.103125 0.05859375
0 0.54140625 0.021875 0.08203125 0.0421875
0 0.62109375 0.02265625 0.05546875 0.0453125
0 0.4578125 0.0453125 0.05625 0.090625
0 0.40703125 0.0875 0.07890625 0.05078125
0 0.41015625 0.14296875 0.10625 0.05703125
0 0.51328125 0.1078125 0.05234375 0.0875
0 0.34765625 0.0140625 0.11640625 0.028125
0 0.22265625 0.0234375 0.1375 0.046875
0 0.96953125 0.59609375 0.0375 0.0828125
0 0.96328125 0.41171875 0.07109375 0.0765625
0 0.834375 0.33046875 0.0484375 0.09453125
0 0.9546875 0.13125 0.0421875 0.065625