0 0.61171875 0.6125 0.16796875 0.1171875
0 0.38515625 0.68984375 0.153125 0.09375
0 0.096875 0.79296875 0.16796875 0.12421875
0 0.4625 0.60546875 0.109375 0.090625
0 0.28984375 0.59453125 0.12734375 0.07578125
0 0.08828125 0.63203125 0.12109375 0.1390625
0 0.2203125 0.6796875 0.11875 0.0671875
0 0.37734375 0.41328125 0.1609375 0.08046875
0 0.209375 0.49921875 0.13359375 0.03359375
0 0.221875 0.5359375 0.13984375 0.03828125
0 0.11953125 0.478125 0.0515625 0.10703125
0 0.03359375 0.3875 0.0578125 0.10078125
0 0.109375 0.38203125 0.065625 0.07890625
0 0.5078125 0.34765625 0.053125 0.04921875
0 0.55625 0.29296875 0.05390625 0.06171875
0 0.38046875 0.24921875 0.046875 0.06875
0 0.4578125 0.209375 0.046875 0.06484375