0 0.21015625 0.37265625 0.04296875 0.11484375
0 0.2546875 0.3 0.08671875 0.0859375
0 0.2828125 0.2546875 0.05078125 0.1171875
0 0.33984375 0.275 0.05390625 0.09609375
0 0.12421875 0.3828125 0.08984375 0.11796875
0 0.1125 0.496875 0.10390625 0.08359375
0 0.0328125 0.415625 0.065625 0.11796875
0 0.025 0.5921875 0.05 0.15
0 0.109375 0.61796875 0.06640625 0.13203125
0 0.1796875 0.5984375 0.071875 0.0890625
0 0.1078125 0.77890625 0.0625 0.15703125
0 0.02890625 0.80078125 0.05703125 0.09375
0 0.0328125 0.73203125 0.065625 0.10625
0 0.13828125 0.9125 0.0546875 0.125
0 0.31484375 0.4046875 0.08984375 0.128125
0 0.23125 0.45703125 0.1203125 0.06796875
0 0.2921875 0.53828125 0.065625 0.10859375
0 0.38125 0.515625 0.05234375 0.13359375
0 0.32265625 0.6515625 0.07578125 0.125
0 0.21640625 0.6953125 0.09296875 0.10390625
0 0.3421875 0.8015625 0.07109375 0.12890625
0 0.38984375 0.875 0.11640625 0.10625
0 0.42734375 0.9140625 0.04609375 0.06171875
0 0.46875 0.96015625 0.04375 0.0796875
0 0.55859375 0.9484375 0.0546875 0.103125
0 0.609375 0.93828125 0.0578125 0.1234375
0 0.55859375 0.79296875 0.09453125 0.11640625
0 0.47109375 0.784375 0.08203125 0.1203125
0 0.47890625 0.6625 0.065625 0.11640625
0 0.41171875 0.61875 0.05 0.13359375
0 0.4328125 0.47578125 0.0640625 0.13203125
0 0.36796875 0.3671875 0.07734375 0.09140625
0 0.434375 0.26015625 0.0578125 0.10625
0 0.46328125 0.37890625 0.05625 0.10859375
0 0.4921875 0.47421875 0.075 0.0890625
0 0.50078125 0.57890625 0.0546875 0.1296875
0 0.58203125 0.68828125 0.06015625 0.115625
0 0.65859375 0.63203125 0.10234375 0.07421875
0 0.56640625 0.46953125 0.0453125 0.1125
0 0.58046875 0.55 0.08359375 0.06015625
0 0.6671875 0.51640625 0.05625 0.14140625
0 0.5984375 0.4296875 0.046875 0.1359375
0 0.509375 0.31484375 0.071875 0.07734375
0 0.48984375 0.22890625 0.04921875 0.0640625
0 0.53359375 0.2359375 0.0375 0.09375
0 0.59296875 0.25078125 0.0453125 0.07421875
0 0.6 0.18984375 0.075 0.0828125
0 0.65546875 0.23828125 0.03046875 0.059375
0 0.7015625 0.28046875 0.05859375 0.07890625
0 0.71171875 0.19140625 0.05546875 0.05546875
0 0.6328125 0.37421875 0.0640625 0.07578125
0 0.7453125 0.32109375 0.04453125 0.0984375
0 0.79375 0.278125 0.0453125 0.0828125
0 0.753125 0.2203125 0.04453125 0.065625
0 0.71015625 0.434375 0.0375 0.11171875
0 0.75 0.40859375 0.0625 0.0890625
0 0.74453125 0.55390625 0.059375 0.12734375
0 0.8 0.57265625 0.0390625 0.1125
0 0.8671875 0.5828125 0.05625 0.11484375
0 0.80703125 0.44140625 0.0484375 0.08984375
0 0.828125 0.378125 0.0546875 0.1203125
0 0.875 0.44375 0.05078125 0.09453125
0 0.90390625 0.51875 0.04140625 0.0765625
0 0.86796875 0.69296875 0.05078125 0.0953125
0 0.91953125 0.63671875 0.05 0.10625
0 0.96953125 0.61015625 0.0421875 0.0984375
0 0.7734375 0.84765625 0.065625 0.13828125
0 0.82265625 0.7984375 0.0390625 0.10546875
0 0.778125 0.696875 0.04453125 0.128125
0 0.65703125 0.75859375 0.04296875 0.134375
0 0.6984375 0.8890625 0.04765625 0.14375
0 0.81953125 0.92890625 0.08359375 0.12578125
0 0.8953125 0.87109375 0.0484375 0.1609375
0 0.96015625 0.8515625 0.0796875 0.10625
0 0.9515625 0.94609375 0.06796875 0.10703125