0 0.8828125 0.86328125 0.1375 0.18828125
0 0.7390625 0.8890625 0.10703125 0.14921875
0 0.971875 0.95234375 0.05625 0.0953125
0 0.87734375 0.9609375 0.1078125 0.078125
0 0.7875 0.9859375 0.09609375 0.02734375
0 0.678125 0.96796875 0.06328125 0.06328125
0 0.60078125 0.8640625 0.1265625 0.121875
0 0.671875 0.8125 0.08359375 0.1453125
0 0.73984375 0.7953125 0.075 0.13125
0 0.5296875 0.91484375 0.05 0.140625
0 0.57890625 0.95859375 0.0765625 0.0828125
0 0.4046875 0.76875 0.0640625 0.12109375
0 0.4875 0.85 0.08046875 0.14453125
0 0.43828125 0.890625 0.08125 0.1171875
0 0.4453125 0.96171875 0.059375 0.0765625
0 0.5921875 0.7015625 0.1515625 0.1125
0 0.61015625 0.77578125 0.07578125 0.05390625
0 0.88203125 0.715625 0.0484375 0.0640625
0 0.8578125 0.5921875 0.16328125 0.11328125
0 0.7453125 0.63984375 0.07265625 0.14453125
0 0.6421875 0.63984375 0.109375 0.11171875
0 0.521875 0.5421875 0.0875 0.159375
0 0.46328125 0.62578125 0.07578125 0.09609375
0 0.5078125 0.68046875 0.04609375 0.05078125
0 0.92265625 0.403125 0.14296875 0.17890625
0 0.7890625 0.40546875 0.125 0.1625
0 0.67890625 0.2578125 0.11796875 0.1609375
0 0.77109375 0.1765625 0.16171875 0.09375
0 0.89453125 0.23828125 0.0984375 0.15546875
0 0.81328125 0.2546875 0.09375 0.1484375
0 0.8625 0.03671875 0.065625 0.0734375
0 0.76484375 0.0640625 0.0796875 0.128125
0 0.86171875 0.0953125 0.178125 0.090625
0 0.9828125 0.228125 0.03359375 0.15703125
0 0.6515625 0.0765625 0.0828125 0.125
0 0.7140625 0.05546875 0.065625 0.1109375
0 0.65625 0.159375 0.0796875 0.13359375
0 0.56015625 0.0671875 0.1078125 0.134375
0 0.5328125 0.115625 0.103125 0.1421875
0 0.4828125 0.15234375 0.10234375 0.125
0 0.56015625 0.25703125 0.10546875 0.16875
0 0.6265625 0.40234375 0.14296875 0.14921875
0 0.56171875 0.40390625 0.0796875 0.15703125
0 0.61640625 0.5078125 0.04765625 0.05703125
0 0.4953125 0.378125 0.0828125 0.15625
0 0.4109375 0.5078125 0.10234375 0.175
0 0.41953125 0.3015625 0.1203125 0.0875
0 0.38828125 0.178125 0.07109375 0.17578125
0 0.46328125 0.21953125 0.0859375 0.1375
0 0.43515625 0.06875 0.08671875 0.0671875
0 0.465625 0.0296875 0.0625 0.059375
0 0.35078125 0.05 0.08203125 0.09921875
0 0.27890625 0.06328125 0.05703125 0.10859375
0 0.27890625 0.1671875 0.12265625 0.171875
0 0.25859375 0.2625 0.103125 0.08125
0 0.33046875 0.31171875 0.09765625 0.10703125
0 0.21640625 0.0875 0.1 0.1578125
0 0.146875 0.0765625 0.07109375 0.11015625
0 0.11015625 0.0921875 0.0828125 0.09921875
0 0.21875 0.0109375 0.11875 0.021875
0 0.02109375 0.03671875 0.0421875 0.0734375
0 0.01875 0.14765625 0.0375 0.11953125
0 0.075 0.18125 0.06796875 0.15234375
0 0.14296875 0.20625 0.05390625 0.1359375
0 0.08046875 0.33515625 0.1046875 0.12890625
0 0.025 0.3484375 0.05 0.0625
0 0.18828125 0.3703125 0.07265625 0.10546875
0 0.184375 0.2859375 0.0609375 0.084375
0 0.3046875 0.43359375 0.09375 0.121875
0 0.39296875 0.3921875 0.075 0.12734375
0 0.1078125 0.44609375 0.0734375 0.12265625
0 0.15625 0.4453125 0.0546875 0.09765625
0 0.22265625 0.46875 0.0609375 0.103125
0 0.26015625 0.559375 0.0421875 0.05703125
0 0.3140625 0.52109375 0.0359375 0.0671875
0 0.36796875 0.57421875 0.065625 0.1171875
0 0.05078125 0.5515625 0.05625 0.13203125
0 0.13828125 0.62109375 0.06953125 0.13671875
0 0.04375 0.65859375 0.0640625 0.09921875
0 0.1484375 0.74140625 0.0671875 0.12109375
0 0.2078125 0.7359375 0.0734375 0.07265625
0 0.2609375 0.66328125 0.08203125 0.1234375
0 0.31484375 0.671875 0.0609375 0.159375
0 0.3703125 0.7125 0.0703125 0.11640625
0 0.26875 0.7671875 0.0625 0.0953125
0 0.27578125 0.88984375 0.06015625 0.10859375
0 0.34921875 0.884375 0.08828125 0.10703125
0 0.203125 0.865625 0.06796875 0.13046875
0 0.14453125 0.8578125 0.06015625 0.11484375
0 0.07578125 0.82734375 0.05859375 0.0890625
0 0.0234375 0.83359375 0.046875 0.06171875
0 0.125 0.95703125 0.07734375 0.08515625
0 0.1828125 0.96328125 0.0578125 0.0734375
0 0.21875 0.9703125 0.03984375 0.059375
0 0.28828125 0.98046875 0.08984375 0.0390625