0 0.6515625 0.48125 0.05234375 0.028125
0 0.59140625 0.5296875 0.0359375 0.05625
0 0.5515625 0.5796875 0.0515625 0.040625
0 0.6421875 0.6140625 0.0421875 0.01953125
0 0.72734375 0.53671875 0.06328125 0.03671875
0 0.7875 0.5390625 0.02578125 0.04921875
0 0.7609375 0.50390625 0.06796875 0.025
0 0.80390625 0.51484375 0.02421875 0.05
0 0.83359375 0.5796875 0.07421875 0.03828125
0 0.91015625 0.59609375 0.0640625 0.0421875
0 0.4203125 0.3828125 0.0546875 0.028125
0 0.42421875 0.33828125 0.034375 0.04140625
0 0.378125 0.3234375 0.01796875 0.0390625
0 0.35859375 0.31015625 0.040625 0.02265625
0 0.34765625 0.271875 0.02578125 0.04140625
0 0.39609375 0.246875 0.046875 0.02109375
0 0.54453125 0.521875 0.0546875 0.02890625
0 0.509375 0.48671875 0.05703125 0.03515625
0 0.55234375 0.43046875 0.0609375 0.02578125
0 0.509375 0.4015625 0.02109375 0.0390625
0 0.47734375 0.403125 0.04921875 0.034375
0 0.45625 0.3640625 0.02421875 0.0421875
0 0.4765625 0.3546875 0.0234375 0.0375
0 0.503125 0.35546875 0.02578125 0.04453125
0 0.534375 0.359375 0.03515625 0.03828125
0 0.553125 0.34296875 0.02578125 0.04375
0 0.59765625 0.3671875 0.04609375 0.02734375
0 0.53984375 0.40078125 0.0265625 0.04765625
0 0.5890625 0.4171875 0.05 0.0421875
0 0.5828125 0.46484375 0.05078125 0.028125
0 0.5515625 0.5 0.06015625 0.02890625
0 0.56171875 0.4765625 0.04296875 0.03203125
0 0.6359375 0.45078125 0.04296875 0.028125
0 0.66484375 0.43671875 0.0328125 0.03828125
0 0.6296875 0.42265625 0.0296875 0.03515625
0 0.653125 0.38359375 0.0390625 0.02890625
0 0.68046875 0.38828125 0.01953125 0.02734375
0 0.63359375 0.3609375 0.0453125 0.02734375
0 0.67734375 0.3515625 0.03203125 0.03671875
0 0.57734375 0.3171875 0.0234375 0.0390625
0 0.60703125 0.31640625 0.0234375 0.03359375
0 0.55546875 0.2953125 0.02421875 0.0390625
0 0.5359375 0.284375 0.021875 0.01953125
0 0.59296875 0.2875 0.0203125 0.03203125
0 0.62578125 0.29453125 0.03203125 0.03984375
0 0.63203125 0.26875 0.01875 0.034375
0 0.740625 0.334375 0.021875 0.034375
0 0.71484375 0.37578125 0.03828125 0.0375
0 0.71640625 0.309375 0.02109375 0.0234375
0 0.72109375 0.25078125 0.03203125 0.0296875
0 0.70625 0.28125 0.03046875 0.02265625
0 0.6703125 0.3015625 0.02578125 0.02421875
0 0.7765625 0.378125 0.05078125 0.03046875
0 0.78046875 0.4375 0.02109375 0.0390625
0 0.775 0.475 0.05234375 0.0265625
0 0.73203125 0.4453125 0.03203125 0.05625
0 0.69453125 0.41875 0.0296875 0.03515625
0 0.8421875 0.47265625 0.025 0.04296875
0 0.80859375 0.4484375 0.0234375 0.034375
0 0.91953125 0.553125 0.04453125 0.03359375
0 0.91640625 0.525 0.05234375 0.028125
0 0.9640625 0.525 0.028125 0.04296875
0 0.87734375 0.478125 0.03125 0.04453125
0 0.90625 0.484375 0.021875 0.04296875
0 0.92109375 0.490625 0.01875 0.0421875
0 0.93046875 0.4109375 0.028125 0.0484375
0 0.9625 0.38515625 0.021875 0.04453125
0 0.92265625 0.34453125 0.0296875 0.03125
0 0.8796875 0.32109375 0.03359375 0.0296875
0 0.853125 0.35234375 0.02734375 0.0296875
0 0.8359375 0.30703125 0.0234375 0.0265625
0 0.865625 0.30546875 0.0203125 0.034375
0 0.80859375 0.34609375 0.01953125 0.034375
0 0.8171875 0.3203125 0.02421875 0.02421875
0 0.77734375 0.3453125 0.0296875 0.03828125
0 0.79921875 0.4109375 0.021875 0.040625
0 0.81640625 0.38359375 0.01953125 0.040625
0 0.7328125 0.39140625 0.02109375 0.0421875
0 0.76875 0.30625 0.02890625 0.028125
0 0.94453125 0.321875 0.025 0.03203125
0 0.9640625 0.56640625 0.02734375 0.04296875
0 0.98515625 0.565625 0.02109375 0.046875
0 0.93984375 0.471875 0.0265625 0.0375
0 0.96796875 0.4546875 0.03046875 0.0296875
0 0.971875 0.42265625 0.02734375 0.03515625
0 0.98828125 0.509375 0.0234375 0.0328125
0 0.925 0.2671875 0.02734375 0.0375
0 0.909375 0.30859375 0.02578125 0.0375
0 0.79296875 0.26328125 0.03203125 0.0265625
0 0.646875 0.22265625 0.0328125 0.02578125
0 0.82890625 0.53984375 0.0265625 0.05
0 0.853125 0.55 0.03125 0.028125
0 0.8828125 0.55234375 0.02734375 0.03984375
0 0.86953125 0.4125 0.03046875 0.0375
0 0.8484375 0.38515625 0.04921875 0.028125
0 0.87890625 0.4453125 0.03671875 0.03125
0 0.82578125 0.43125 0.025 0.0375
0 0.44140625 0.24765625 0.0328125 0.01875
0 0.46875 0.29765625 0.02734375 0.04296875
0 0.47578125 0.27421875 0.03125 0.04609375