0 0.70859375 0.18125 0.12421875 0.21796875
0 0.525 0.32109375 0.18671875 0.11015625
0 0.321875 0.13515625 0.165625 0.159375
0 0.3390625 0.296875 0.14453125 0.09453125
0 0.38125 0.47578125 0.09921875 0.184375
0 0.5921875 0.43515625 0.1375 0.13671875
0 0.6265625 0.5859375 0.071875 0.14453125
0 0.709375 0.70625 0.084375 0.16484375
0 0.7953125 0.76015625 0.10234375 0.1359375
0 0.82734375 0.62578125 0.10078125 0.08046875
0 0.95625 0.59140625 0.08671875 0.2
0 0.82109375 0.4875 0.0875 0.17890625
0 0.7171875 0.35234375 0.07578125 0.1453125
0 0.84453125 0.325 0.1578125 0.15390625
0 0.94921875 0.43125 0.09921875 0.12890625
0 0.90859375 0.04453125 0.1828125 0.0890625
0 0.62890625 0.040625 0.09296875 0.08125
0 0.43046875 0.115625 0.11875 0.19375
0 0.1859375 0.421875 0.1296875 0.12421875
0 0.20234375 0.51796875 0.1875 0.09296875
0 0.09375 0.7171875 0.0984375 0.19765625
0 0.27421875 0.77265625 0.1 0.2078125
0 0.434375 0.79609375 0.13828125 0.18984375
0 0.575 0.89140625 0.0859375 0.16640625
0 0.6671875 0.8875 0.08984375 0.16640625
0 0.58515625 0.71015625 0.0796875 0.15859375
0 0.46328125 0.634375 0.184375 0.1078125
0 0.36875 0.58125 0.1515625 0.115625
0 0.2109375 0.89375 0.19375 0.1296875
0 0.44375 0.96796875 0.18203125 0.0640625
0 0.128125 0.340625 0.13515625 0.1890625
0 0.109375 0.08515625 0.0875 0.1703125
0 0.0375 0.0765625 0.075 0.153125
0 0.26015625 0.0390625 0.0984375 0.078125
0 0.84921875 0.9359375 0.11953125 0.11640625