0 0.01875 0.07265625 0.0375 0.1453125
0 0.06796875 0.05078125 0.0609375 0.10078125
0 0.1390625 0.03359375 0.040625 0.0671875
0 0.240625 0.11328125 0.1390625 0.09296875
0 0.23046875 0.02421875 0.0984375 0.0484375
0 0.35234375 0.0265625 0.0828125 0.053125
0 0.08125 0.146875 0.0953125 0.06328125
0 0.1640625 0.21015625 0.0875 0.125
0 0.24453125 0.17734375 0.10078125 0.0859375
0 0.35703125 0.19453125 0.0875 0.1546875
0 0.4359375 0.153125 0.08671875 0.17421875
0 0.51875 0.12890625 0.07421875 0.13046875
0 0.50078125 0.05546875 0.06171875 0.10703125
0 0.56015625 0.03828125 0.053125 0.0765625
0 0.63828125 0.096875 0.10234375 0.153125
0 0.7140625 0.0671875 0.0703125 0.134375
0 0.6375 0.01484375 0.03125 0.0296875
0 0.76875 0.02421875 0.06015625 0.04765625
0 0.8234375 0.0546875 0.075 0.109375
0 0.853125 0.2015625 0.0609375 0.1328125
0 0.86484375 0.1109375 0.0921875 0.0796875
0 0.9390625 0.04140625 0.09296875 0.0828125
0 0.75859375 0.1546875 0.10703125 0.08828125
0 0.796875 0.2015625 0.0984375 0.10546875
0 0.903125 0.2390625 0.075 0.15234375
0 0.7546875 0.47578125 0.05390625 0.1296875
0 0.82109375 0.46953125 0.06328125 0.16015625
0 0.89296875 0.37890625 0.06328125 0.1078125
0 0.953125 0.35078125 0.0875 0.15
0 0.9828125 0.26953125 0.03359375 0.1171875
0 0.3078125 0.3140625 0.1375 0.071875
0 0.69375 0.2796875 0.05703125 0.12421875
0 0.79453125 0.36796875 0.06484375 0.1046875
0 0.7890625 0.3140625 0.10703125 0.10625
0 0.8734375 0.60078125 0.08828125 0.134375
0 0.9203125 0.5390625 0.06171875 0.1375
0 0.97578125 0.484375 0.0484375 0.0921875
0 0.58828125 0.24921875 0.11640625 0.08671875
0 0.60859375 0.19375 0.13984375 0.08671875
0 0.46953125 0.26328125 0.14296875 0.090625
0 0.4546875 0.496875 0.0796875 0.1203125
0 0.49296875 0.41875 0.08984375 0.1421875
0 0.53671875 0.3890625 0.0640625 0.14609375
0 0.59296875 0.35 0.078125 0.12734375
0 0.66640625 0.3734375 0.0890625 0.06484375
0 0.63203125 0.5140625 0.06640625 0.13828125
0 0.6984375 0.4671875 0.06640625 0.134375
0 0.40078125 0.36640625 0.0765625 0.12734375
0 0.19296875 0.4078125 0.08671875 0.11015625
0 0.1203125 0.2984375 0.0796875 0.12421875
0 0.0109375 0.4265625 0.021875 0.14375
0 0.04140625 0.36484375 0.0625 0.14375
0 0.025 0.28828125 0.04296875 0.11484375
0 0.296875 0.425 0.07109375 0.1375
0 0.33046875 0.49921875 0.06875 0.1390625
0 0.4078125 0.55078125 0.08671875 0.1421875
0 0.546875 0.48828125 0.0703125 0.1171875
0 0.6625 0.625 0.128125 0.09296875
0 0.69765625 0.5546875 0.04765625 0.0625
0 0.6015625 0.60390625 0.06015625 0.1046875
0 0.50703125 0.62109375 0.08671875 0.11875
0 0.41484375 0.634375 0.11796875 0.11796875
0 0.28125 0.696875 0.0734375 0.13359375
0 0.30625 0.62734375 0.06015625 0.14140625
0 0.1921875 0.67734375 0.06640625 0.15078125
0 0.171875 0.60546875 0.06640625 0.12109375
0 0.240625 0.53125 0.05859375 0.09921875
0 0.1046875 0.43828125 0.06796875 0.1140625
0 0.01640625 0.62421875 0.028125 0.12890625
0 0.0609375 0.54375 0.06171875 0.1109375
0 0.040625 0.71640625 0.0734375 0.115625
0 0.07265625 0.63125 0.046875 0.078125
0 0.1140625 0.6734375 0.08046875 0.1359375
0 0.1390625 0.50859375 0.12734375 0.0671875
0 0.78046875 0.5984375 0.05625 0.1109375
0 0.95703125 0.7765625 0.0859375 0.0921875
0 0.85625 0.7734375 0.0609375 0.11484375
0 0.76328125 0.809375 0.11640625 0.07734375
0 0.66875 0.76953125 0.0734375 0.121875
0 0.71796875 0.73515625 0.07578125 0.121875
0 0.59375 0.771875 0.084375 0.1125
0 0.5109375 0.77421875 0.0921875 0.1265625
0 0.54609375 0.69296875 0.09609375 0.06484375
0 0.41484375 0.78046875 0.09375 0.0625
0 0.44921875 0.74140625 0.11640625 0.065625
0 0.3671875 0.82578125 0.1046875 0.0703125
0 0.3453125 0.7328125 0.09453125 0.1109375
0 0.178125 0.82109375 0.0890625 0.13671875
0 0.23359375 0.84453125 0.06484375 0.09140625
0 0.27109375 0.81875 0.05625 0.109375
0 0.12890625 0.79609375 0.08359375 0.1203125
0 0.0890625 0.89140625 0.0734375 0.11796875
0 0.0234375 0.83671875 0.04609375 0.1078125
0 0.0734375 0.97890625 0.046875 0.0421875
0 0.1375 0.9703125 0.07734375 0.05859375
0 0.20859375 0.9375 0.0921875 0.103125
0 0.26640625 0.965625 0.084375 0.06875
0 0.35625 0.971875 0.05078125 0.05546875
0 0.45390625 0.86875 0.1078125 0.0828125
0 0.58828125 0.88671875 0.1 0.09453125
0 0.703125 0.92578125 0.11171875 0.071875
0 0.7125 0.8703125 0.140625 0.08125
0 0.85859375 0.95234375 0.09921875 0.0953125