0 0.15390625 0.2203125 0.19375 0.15390625
0 0.2375 0.22421875 0.10703125 0.20078125
0 0.0734375 0.071875 0.1 0.11015625
0 0.20859375 0.05703125 0.08359375 0.06015625
0 0.43125 0.25390625 0.13359375 0.20703125
0 0.44921875 0.115625 0.190625 0.1234375
0 0.5796875 0.11328125 0.096875 0.18046875
0 0.7421875 0.32109375 0.140625 0.08671875
0 0.721875 0.20234375 0.140625 0.13046875
0 0.675 0.06328125 0.10703125 0.10703125
0 0.725 0.08671875 0.08671875 0.1
0 0.7265625 0.6515625 0.1703125 0.12734375
0 0.7984375 0.571875 0.08671875 0.16015625
0 0.82578125 0.43984375 0.1 0.14375
0 0.85390625 0.2890625 0.08359375 0.1640625
0 0.84375 0.15703125 0.06328125 0.140625
0 0.94765625 0.23203125 0.10390625 0.17734375
0 0.61328125 0.51328125 0.2171875 0.1171875
0 0.65703125 0.434375 0.15703125 0.12734375
0 0.9171875 0.48984375 0.15703125 0.14375
0 0.8671875 0.78046875 0.13046875 0.13671875
0 0.9609375 0.628125 0.07734375 0.13359375
0 0.59140625 0.86875 0.1203125 0.1875
0 0.69375 0.771875 0.11015625 0.1875
0 0.771875 0.76015625 0.11328125 0.13046875
0 0.56328125 0.66015625 0.17734375 0.1234375
0 0.27578125 0.4828125 0.1640625 0.11015625
0 0.3328125 0.3828125 0.08359375 0.1640625
0 0.4125 0.5546875 0.2109375 0.08046875
0 0.27734375 0.64375 0.12734375 0.2171875
0 0.15078125 0.59296875 0.20703125 0.13671875
0 0.11015625 0.384375 0.146875 0.1203125
0 0.0453125 0.76015625 0.090625 0.13671875
0 0.1640625 0.75859375 0.18046875 0.146875
0 0.08046875 0.92421875 0.09375 0.15078125
0 0.20234375 0.92421875 0.14375 0.15078125
0 0.36796875 0.89765625 0.1203125 0.18359375
0 0.41640625 0.81015625 0.13046875 0.1640625
0 0.95078125 0.91640625 0.0984375 0.1046875