0 0.8140625 0.22421875 0.06953125 0.12265625
0 0.65625 0.34609375 0.05234375 0.08984375
0 0.72109375 0.27265625 0.04765625 0.1125
0 0.6421875 0.20234375 0.09921875 0.103125
0 0.42265625 0.503125 0.0453125 0.09921875
0 0.49453125 0.42734375 0.059375 0.11875
0 0.56796875 0.39296875 0.059375 0.1125
0 0.62734375 0.30859375 0.0734375 0.09765625
0 0.68671875 0.43515625 0.0515625 0.10546875
0 0.1078125 0.2265625 0.0859375 0.1328125
0 0.21640625 0.26875 0.1234375 0.06171875
0 0.05390625 0.47109375 0.10390625 0.078125
0 0.0203125 0.41328125 0.040625 0.11328125
0 0.0671875 0.35 0.04609375 0.134375
0 0.103125 0.36328125 0.04453125 0.11796875
0 0.15703125 0.375 0.04375 0.11796875
0 0.21015625 0.38515625 0.0421875 0.11640625
0 0.265625 0.3921875 0.034375 0.10859375
0 0.32578125 0.40703125 0.0421875 0.1046875
0 0.36796875 0.4109375 0.05234375 0.10859375
0 0.403125 0.3421875 0.0734375 0.1109375
0 0.50625 0.60078125 0.04921875 0.1046875
0 0.54609375 0.503125 0.0890625 0.05859375
0 0.571875 0.5734375 0.046875 0.11640625
0 0.64765625 0.559375 0.071875 0.09765625
0 0.70234375 0.6671875 0.10625 0.053125
0 0.61953125 0.7171875 0.09921875 0.05703125
0 0.7078125 0.83125 0.05078125 0.07421875
0 0.63046875 0.97578125 0.053125 0.0484375
0 0.6984375 0.97734375 0.0484375 0.0453125
0 0.76171875 0.9609375 0.0640625 0.078125
0 0.01484375 0.3265625 0.02890625 0.0875
0 0.0796875 0.53203125 0.04453125 0.09765625
0 0.14140625 0.5125 0.046875 0.1109375
0 0.21171875 0.540625 0.05859375 0.1078125
0 0.27265625 0.471875 0.10625 0.06953125
0 0.334375 0.5265625 0.09453125 0.04296875
0 0.3890625 0.57421875 0.121875 0.0609375
0 0.44375 0.87265625 0.09140625 0.11015625
0 0.475 0.8296875 0.0796875 0.1015625
0 0.54140625 0.78203125 0.0515625 0.12890625
0 0.3546875 0.95625 0.10078125 0.0875
0 0.31328125 0.92578125 0.07265625 0.09921875
0 0.24921875 0.921875 0.0875 0.078125
0 0.18046875 0.9015625 0.0984375 0.0671875
0 0.03125 0.828125 0.0625 0.115625
0 0.10390625 0.80625 0.06328125 0.09375
0 0.1765625 0.7515625 0.0515625 0.10234375
0 0.16796875 0.84921875 0.06640625 0.06953125
0 0.0359375 0.9453125 0.0515625 0.10078125
0 0.08515625 0.90859375 0.0625 0.0953125
0 0.1375 0.9765625 0.0875 0.046875
0 0.03125 0.7203125 0.0625 0.08046875
0 0.04375 0.6515625 0.0875 0.03828125
0 0.04375 0.6046875 0.0875 0.04453125
0 0.10625 0.71640625 0.06484375 0.08828125
0 0.1609375 0.65390625 0.08046875 0.090625
0 0.23046875 0.6953125 0.06015625 0.1109375
0 0.29609375 0.6890625 0.08984375 0.1046875
0 0.2859375 0.8203125 0.0625 0.11875
0 0.35078125 0.8171875 0.0640625 0.11171875
0 0.46796875 0.7546875 0.09453125 0.0671875
0 0.3921875 0.7375 0.075 0.08125
0 0.475 0.68203125 0.13359375 0.05
0 0.42734375 0.628125 0.0953125 0.08203125