0 0.36484375 0.69453125 0.27734375 0.22890625
0 0.6609375 0.53203125 0.23203125 0.18359375
0 0.6484375 0.36640625 0.24375 0.27109375
0 0.6828125 0.18125 0.25859375 0.1609375
0 0.9171875 0.2140625 0.165625 0.15078125
0 0.846875 0.946875 0.25390625 0.10390625
0 0.90390625 0.6828125 0.1125 0.18515625
0 0.8359375 0.675 0.08671875 0.15
0 0.88125 0.84609375 0.17734375 0.10390625
0 0.88359375 0.45390625 0.11875 0.18515625
0 0.76328125 0.2953125 0.10546875 0.16875
0 0.2625 0.7953125 0.08359375 0.1234375
0 0.23671875 0.45078125 0.1484375 0.12265625
0 0.215625 0.2234375 0.10234375 0.11484375
0 0.2171875 0.07265625 0.0796875 0.13359375
0 0.83125 0.0625 0.1078125 0.11796875