0 0.209375 0.68828125 0.17734375 0.1
0 0.36640625 0.73984375 0.12109375 0.146875
0 0.50078125 0.6484375 0.075 0.12890625
0 0.5671875 0.65234375 0.059375 0.12578125
0 0.65 0.60625 0.0953125 0.1
0 0.60078125 0.79609375 0.0796875 0.1109375
0 0.49765625 0.909375 0.13125 0.08984375
0 0.378125 0.3484375 0.16953125 0.075
0 0.33984375 0.23046875 0.0875 0.1515625
0 0.1828125 0.296875 0.13359375 0.146875
0 0.2453125 0.16484375 0.1109375 0.1078125
0 0.10390625 0.14765625 0.115625 0.10546875
0 0.06328125 0.43203125 0.12578125 0.159375
0 0.20859375 0.48359375 0.0875 0.14375
0 0.30234375 0.5671875 0.0953125 0.1828125
0 0.36171875 0.50390625 0.08984375 0.13359375
0 0.49296875 0.54765625 0.1515625 0.0515625
0 0.4640625 0.4515625 0.08984375 0.1
0 0.453125 0.203125 0.103125 0.09296875
0 0.52265625 0.225 0.12890625 0.0953125
0 0.428125 0.13125 0.10546875 0.0671875
0 0.33671875 0.08203125 0.16484375 0.103125
0 0.5078125 0.07578125 0.1 0.05390625
0 0.590625 0.12109375 0.075 0.071875
0 0.66875 0.1109375 0.04609375 0.1078125
0 0.66484375 0.28203125 0.059375 0.12109375
0 0.76171875 0.16328125 0.0671875 0.0953125
0 0.8671875 0.1375 0.07734375 0.0953125
0 0.925 0.240625 0.0796875 0.04921875
0 0.5890625 0.40546875 0.08203125 0.075
0 0.60078125 0.32421875 0.0796875 0.11328125
0 0.71015625 0.290625 0.0875 0.0875
0 0.75546875 0.421875 0.08984375 0.11328125
0 0.7796875 0.3359375 0.0515625 0.115625
0 0.63046875 0.47734375 0.07734375 0.0796875
0 0.6859375 0.496875 0.04921875 0.14375
0 0.8796875 0.4578125 0.09765625 0.0875
0 0.76015625 0.61875 0.08515625 0.12578125
0 0.7 0.871875 0.08203125 0.09765625
0 0.76640625 0.7734375 0.1234375 0.059375
0 0.909375 0.909375 0.06953125 0.1515625
0 0.946875 0.8078125 0.09296875 0.12890625
0 0.80625 0.68203125 0.059375 0.103125
0 0.84609375 0.58671875 0.0671875 0.0875
0 0.946875 0.6765625 0.08203125 0.11796875