0 0.28828125 0.4953125 0.0640625 0.06328125
0 0.2125 0.4578125 0.0828125 0.03828125
0 0.221875 0.57578125 0.07734375 0.0734375
0 0.36953125 0.70859375 0.0640625 0.06875
0 0.48203125 0.8 0.0796875 0.06171875
0 0.45 0.75078125 0.05625 0.06640625
0 0.49140625 0.71640625 0.04765625 0.071875
0 0.4359375 0.61953125 0.06171875 0.05625
0 0.36796875 0.4875 0.065625 0.0546875
0 0.4359375 0.471875 0.07109375 0.06015625
0 0.46640625 0.55546875 0.06015625 0.0578125
0 0.46328125 0.66171875 0.05625 0.05546875
0 0.4578125 0.18515625 0.02578125 0.0375
0 0.51171875 0.3671875 0.0640625 0.071875
0 0.57109375 0.46953125 0.0546875 0.05859375
0 0.54296875 0.571875 0.0484375 0.06328125