0 0.50078125 0.1375 0.26953125 0.19453125
0 0.63515625 0.3265625 0.1 0.33828125
0 0.76328125 0.35703125 0.10234375 0.2890625
0 0.9203125 0.38046875 0.1421875 0.24296875
0 0.30546875 0.33671875 0.1125 0.2953125
0 0.47578125 0.37734375 0.1921875 0.259375
0 0.12890625 0.30234375 0.20078125 0.28359375
0 0.0359375 0.58984375 0.071875 0.34609375
0 0.253125 0.57734375 0.23515625 0.28515625
0 0.4765625 0.709375 0.2375 0.30859375
0 0.24296875 0.878125 0.28125 0.2390625
0 0.0546875 0.88046875 0.10546875 0.196875
0 0.5890625 0.84765625 0.275 0.3046875
0 0.7390625 0.87734375 0.1875 0.2453125
0 0.80625 0.64609375 0.30859375 0.20546875
0 0.94609375 0.6546875 0.10703125 0.2765625