0 0.61171875 0.225 0.07734375 0.1453125
0 0.72265625 0.24609375 0.06640625 0.14453125
0 0.81875 0.32109375 0.06796875 0.1375
0 0.76953125 0.50859375 0.046875 0.1171875
0 0.71484375 0.46796875 0.05234375 0.1234375
0 0.4875 0.50625 0.06640625 0.1390625
0 0.53515625 0.41875 0.0671875 0.140625
0 0.28359375 0.3984375 0.11875 0.0828125
0 0.09375 0.35703125 0.16796875 0.0953125
0 0.08828125 0.171875 0.06953125 0.18828125
0 0.21171875 0.24375 0.065625 0.1859375
0 0.34296875 0.11875 0.109375 0.09453125
0 0.3625 0.21015625 0.10859375 0.078125
0 0.31484375 0.72265625 0.08046875 0.14296875
0 0.23984375 0.7078125 0.071875 0.14140625
0 0.146875 0.73203125 0.11171875 0.06953125
0 0.165625 0.7984375 0.1984375 0.06875
0 0.6015625 0.9328125 0.05859375 0.1203125
0 0.53046875 0.81015625 0.0578125 0.12578125
0 0.3703125 0.62890625 0.06796875 0.15
0 0.46953125 0.6546875 0.07578125 0.1609375
0 0.57109375 0.6109375 0.06171875 0.13984375
0 0.6265625 0.49296875 0.06796875 0.14296875
0 0.646875 0.65625 0.05625 0.15234375
0 0.69609375 0.58046875 0.0734375 0.1296875
0 0.76953125 0.64765625 0.040625 0.1328125
0 0.8171875 0.675 0.07578125 0.13828125
0 0.73984375 0.89140625 0.05078125 0.1265625
0 0.8234375 0.91171875 0.0546875 0.1078125
0 0.88671875 0.8890625 0.0578125 0.1171875
0 0.7671875 0.97421875 0.0921875 0.0515625
0 0.9640625 0.26328125 0.071875 0.0984375
0 0.86953125 0.2203125 0.06796875 0.11796875
0 0.85 0.06796875 0.06484375 0.1171875
0 0.61640625 0.05 0.0640625 0.1
0 0.6859375 0.05078125 0.071875 0.1015625
0 0.76953125 0.040625 0.05546875 0.08046875
0 0.521875 0.13046875 0.06015625 0.13828125
0 0.4484375 0.25546875 0.09296875 0.06796875
0 0.396875 0.04296875 0.05546875 0.0859375
0 0.46015625 0.06015625 0.05234375 0.1203125
0 0.2203125 0.03828125 0.12890625 0.05859375
0 0.21171875 0.128125 0.121875 0.06484375
0 0.36015625 0.359375 0.1046875 0.10703125
0 0.39921875 0.48828125 0.0671875 0.13515625
0 0.64765625 0.79296875 0.08828125 0.06484375