0 0.44921875 0.0984375 0.065625 0.140625
0 0.52265625 0.1234375 0.14140625 0.10390625
0 0.97109375 0.15078125 0.0578125 0.06328125
0 0.971875 0.23359375 0.05625 0.0703125
0 0.8984375 0.30546875 0.0625 0.11328125
0 0.80546875 0.29375 0.096875 0.128125
0 0.6171875 0.290625 0.06484375 0.128125
0 0.66875 0.3046875 0.05625 0.12421875
0 0.71796875 0.3140625 0.0578125 0.125
0 0.53203125 0.2453125 0.0546875 0.1359375
0 0.47734375 0.24296875 0.053125 0.1296875
0 0.4359375 0.23984375 0.07578125 0.12578125
0 0.378125 0.19765625 0.109375 0.1109375
0 0.28359375 0.278125 0.08984375 0.1171875
0 0.30234375 0.18046875 0.08515625 0.11640625
0 0.234375 0.1578125 0.06640625 0.121875
0 0.1609375 0.2453125 0.084375 0.11875
0 0.1421875 0.1640625 0.07265625 0.1234375
0 0.040625 0.1734375 0.08125 0.121875
0 0.0921875 0.27578125 0.0859375 0.12578125
0 0.02578125 0.26796875 0.05078125 0.09140625
0 0.06953125 0.334375 0.0359375 0.03828125
0 0.1640625 0.35234375 0.11484375 0.12421875
0 0.209375 0.42890625 0.1 0.15390625
0 0.2796875 0.421875 0.06875 0.12734375
0 0.3328125 0.34609375 0.06953125 0.146875
0 0.371875 0.39375 0.06640625 0.12265625
0 0.42578125 0.42109375 0.075 0.13203125
0 0.49921875 0.44453125 0.08671875 0.10078125
0 0.565625 0.40625 0.04375 0.0390625
0 0.63671875 0.38203125 0.11875 0.06640625
0 0.81796875 0.36171875 0.12421875 0.0859375
0 0.80703125 0.4234375 0.1296875 0.08203125
0 0.775 0.47890625 0.06640625 0.109375
0 0.73828125 0.50546875 0.08359375 0.11953125
0 0.64921875 0.5296875 0.13359375 0.05625
0 0.82421875 0.5296875 0.05859375 0.12265625
0 0.88515625 0.55 0.05859375 0.1265625
0 0.96328125 0.53671875 0.0734375 0.11953125
0 0.93671875 0.64140625 0.1265625 0.06953125
0 0.9890625 0.596875 0.021875 0.1
0 0.7578125 0.61171875 0.1203125 0.05546875
0 0.59140625 0.6375 0.0734375 0.1296875
0 0.4515625 0.546875 0.1046875 0.10390625
0 0.53671875 0.59609375 0.04921875 0.128125
0 0.4703125 0.62890625 0.0828125 0.0890625
0 0.3046875 0.525 0.08125 0.1234375
0 0.36484375 0.6375 0.06328125 0.12421875
0 0.1078125 0.5515625 0.1296875 0.059375
0 0.109375 0.4453125 0.09296875 0.1328125
0 0.0265625 0.44375 0.05234375 0.13515625
0 0.65625 0.66953125 0.096875 0.0703125
0 0.71875 0.7203125 0.07734375 0.1171875
0 0.76015625 0.690625 0.065625 0.1125
0 0.8296875 0.74296875 0.0625 0.11015625
0 0.87265625 0.73203125 0.0625 0.14140625
0 0.9328125 0.70703125 0.0890625 0.1
0 0.93671875 0.803125 0.06875 0.1078125
0 0.85078125 0.83984375 0.0578125 0.10390625
0 0.7828125 0.79921875 0.053125 0.1171875
0 0.71171875 0.85625 0.07890625 0.1078125
0 0.62890625 0.7953125 0.05625 0.10546875
0 0.6609375 0.74765625 0.09296875 0.0890625
0 0.56640625 0.76328125 0.0484375 0.10703125
0 0.49609375 0.76015625 0.109375 0.096875
0 0.4515625 0.84609375 0.128125 0.0875
0 0.503125 0.88984375 0.1421875 0.08984375
0 0.56015625 0.903125 0.08125 0.12265625
0 0.5734375 0.9609375 0.121875 0.078125
0 0.28046875 0.978125 0.096875 0.04375
0 0.3859375 0.93984375 0.065625 0.0625
0 0.3015625 0.85078125 0.06328125 0.12109375
0 0.3640625 0.75234375 0.09453125 0.11015625
0 0.41328125 0.70390625 0.0546875 0.1296875
0 0.46484375 0.71015625 0.05078125 0.075
0 0.36796875 0.84765625 0.0671875 0.09765625
0 0.2609375 0.759375 0.05625 0.12421875
0 0.2703125 0.63828125 0.09375 0.10625
0 0.15078125 0.6515625 0.128125 0.11796875
0 0.0375 0.65625 0.0640625 0.13046875
0 0.04921875 0.75234375 0.08671875 0.13984375
0 0.090625 0.81015625 0.05546875 0.12109375
0 0.140625 0.84140625 0.084375 0.1140625
0 0.16796875 0.7234375 0.0984375 0.0828125
0 0.221875 0.92265625 0.05859375 0.115625
0 0.16875 0.98203125 0.0625 0.0359375
0 0.08359375 0.946875 0.0625 0.10625
0 0.42578125 0.9921875 0.0328125 0.015625