0 0.675 0.715625 0.03203125 0.0375
0 0.7125 0.6984375 0.04140625 0.03203125
0 0.7484375 0.75703125 0.03203125 0.0359375
0 0.840625 0.83359375 0.02890625 0.0421875
0 0.98671875 0.8828125 0.0265625 0.0375
0 0.753125 0.59296875 0.03515625 0.02578125
0 0.94296875 0.68125 0.04375 0.034375
0 0.4375 0.87578125 0.0484375 0.046875
0 0.0828125 0.90625 0.03046875 0.0609375
0 0.125 0.74453125 0.04921875 0.02421875
0 0.37421875 0.503125 0.05 0.04140625
0 0.51796875 0.4375 0.03984375 0.053125
0 0.44140625 0.621875 0.03203125 0.04140625
0 0.484375 0.7921875 0.03046875 0.05234375
0 0.37109375 0.8609375 0.0296875 0.03515625
0 0.01171875 0.86328125 0.0234375 0.0328125
0 0.08515625 0.80078125 0.04921875 0.0203125