0 0.596875 0.421875 0.04140625 0.03125
0 0.66796875 0.325 0.034375 0.0109375
0 0.77421875 0.44921875 0.021875 0.0296875
0 0.4171875 0.30234375 0.02578125 0.034375
0 0.29453125 0.46796875 0.0265625 0.0375
0 0.27890625 0.3125 0.0234375 0.028125
0 0.38203125 0.234375 0.01640625 0.025
0 0.5375 0.30234375 0.02109375 0.0265625
0 0.5734375 0.29375 0.0265625 0.015625
0 0.290625 0.78046875 0.02578125 0.03515625
0 0.42734375 0.9265625 0.021875 0.03203125
0 0.5671875 0.86640625 0.0265625 0.04453125
0 0.59453125 0.875 0.0203125 0.04140625
0 0.55234375 0.93203125 0.0203125 0.0421875