0 0.275 0.05234375 0.08125 0.06875
0 0.43828125 0.04140625 0.12265625 0.0609375
0 0.33515625 0.19765625 0.08046875 0.10234375
0 0.3609375 0.13359375 0.06171875 0.078125
0 0.3953125 0.0953125 0.0859375 0.0859375
0 0.52421875 0.05078125 0.0578125 0.0765625
0 0.6265625 0.0484375 0.10078125 0.0703125
0 0.7359375 0.03828125 0.075 0.0578125
0 0.546875 0.16171875 0.0578125 0.1234375
0 0.44453125 0.22734375 0.13359375 0.0703125
0 0.25 0.2 0.11015625 0.08515625
0 0.07578125 0.0703125 0.08203125 0.0703125
0 0.16796875 0.0328125 0.05078125 0.046875
0 0.05078125 0.2015625 0.0671875 0.05078125
0 0.0546875 0.29453125 0.05234375 0.078125
0 0.1234375 0.16484375 0.09453125 0.06328125
0 0.11640625 0.303125 0.05 0.0859375
0 0.228125 0.28046875 0.11171875 0.0609375
0 0.27578125 0.346875 0.075 0.1140625
0 0.33671875 0.34765625 0.05390625 0.13046875
0 0.44296875 0.34765625 0.096875 0.08515625
0 0.534375 0.3046875 0.0703125 0.0984375
0 0.615625 0.271875 0.08203125 0.10234375
0 0.8609375 0.16328125 0.065625 0.16796875
0 0.93515625 0.128125 0.059375 0.10234375
0 0.92890625 0.24765625 0.0703125 0.12109375
0 0.80859375 0.2734375 0.134375 0.0671875
0 0.72265625 0.19296875 0.05625 0.10625
0 0.75234375 0.11640625 0.10234375 0.0578125
0 0.9046875 0.04296875 0.06484375 0.075
0 0.63125 0.403125 0.05078125 0.16796875
0 0.715625 0.35 0.0890625 0.14765625
0 0.809375 0.440625 0.065625 0.14375
0 0.80390625 0.459375 0.0125 0.00703125
0 0.90859375 0.4484375 0.0890625 0.14296875
0 0.8265625 0.3328125 0.14296875 0.0578125
0 0.96015625 0.39453125 0.06328125 0.1375
0 0.859375 0.5453125 0.09296875 0.1234375
0 0.63828125 0.5875 0.13828125 0.06328125
0 0.75859375 0.64140625 0.08515625 0.16640625
0 0.94609375 0.565625 0.09140625 0.05
0 0.8515625 0.73359375 0.0890625 0.1046875
0 0.95234375 0.68984375 0.0953125 0.0609375
0 0.75859375 0.75 0.01484375 0.009375
0 0.91640625 0.8609375 0.05625 0.13359375
0 0.6515625 0.88828125 0.08046875 0.11875
0 0.771875 0.928125 0.06875 0.1140625
0 0.54453125 0.78125 0.0765625 0.0953125
0 0.66796875 0.71640625 0.0609375 0.0984375
0 0.54609375 0.646875 0.0859375 0.125
0 0.40390625 0.61015625 0.1453125 0.0796875
0 0.5015625 0.45859375 0.075 0.10234375
0 0.41484375 0.44375 0.12109375 0.09921875
0 0.26640625 0.60234375 0.1234375 0.109375
0 0.1953125 0.54140625 0.0703125 0.11953125
0 0.19453125 0.490625 0.11171875 0.109375
0 0.10625 0.40625 0.05625 0.0859375
0 0.18046875 0.41953125 0.0671875 0.09921875
0 0.075 0.51796875 0.0609375 0.09921875
0 0.125 0.74140625 0.0703125 0.14296875
0 0.08984375 0.6375 0.0984375 0.10078125
0 0.13125 0.9359375 0.090625 0.128125
0 0.1921875 0.859375 0.06328125 0.13203125
0 0.2546875 0.72734375 0.07578125 0.13203125
0 0.36875 0.78125 0.10234375 0.14140625
0 0.253125 0.928125 0.059375 0.14375
0 0.36484375 0.95390625 0.10546875 0.0703125
0 0.46796875 0.90703125 0.07578125 0.15703125
0 0.44140625 0.74765625 0.0796875 0.12734375
0 0.58359375 0.95234375 0.09140625 0.0953125
0 0.578125 0.85546875 0.09140625 0.14140625
0 0.8859375 0.9609375 0.16015625 0.078125
0 0.046875 0.84296875 0.09375 0.07421875