0 0.36328125 0.79140625 0.040625 0.0484375
0 0.446875 0.80625 0.02578125 0.0328125
0 0.51171875 0.81015625 0.03828125 0.040625
0 0.578125 0.8328125 0.028125 0.0203125
0 0.61875 0.82421875 0.04296875 0.0328125
0 0.71015625 0.8484375 0.0328125 0.03046875
0 0.7390625 0.72734375 0.0359375 0.05859375
0 0.63359375 0.740625 0.03828125 0.03828125
0 0.334375 0.6859375 0.03828125 0.03046875
0 0.3875 0.70234375 0.028125 0.02265625
0 0.4890625 0.6921875 0.04296875 0.0328125
0 0.55234375 0.6734375 0.0328125 0.03046875
0 0.44296875 0.62890625 0.04296875 0.01796875
0 0.52578125 0.5640625 0.0359375 0.04609375
0 0.5703125 0.459375 0.053125 0.02578125
0 0.621875 0.4078125 0.05625 0.0125
0 0.71640625 0.44609375 0.05078125 0.0125
0 0.8 0.5765625 0.0359375 0.02578125
0 0.78515625 0.55 0.03046875 0.01796875
0 0.8484375 0.61875 0.05625 0.0328125
0 0.5765625 0.1890625 0.0359375 0.028125
0 0.3109375 0.91328125 0.0484375 0.02265625