0 0.31640625 0.50078125 0.0265625 0.02421875
0 0.2765625 0.64609375 0.03828125 0.0265625
0 0.26953125 0.60390625 0.02421875 0.040625
0 0.296875 0.6 0.02421875 0.03828125
0 0.3421875 0.6765625 0.0328125 0.0515625
0 0.325 0.63515625 0.01328125 0.0359375
0 0.33984375 0.62109375 0.0171875 0.04296875
0 0.36640625 0.6203125 0.025 0.03671875
0 0.3828125 0.70078125 0.03359375 0.046875
0 0.38671875 0.65625 0.03671875 0.03828125
0 0.38984375 0.62578125 0.021875 0.034375
0 0.4140625 0.70859375 0.0390625 0.03515625
0 0.434375 0.69296875 0.03984375 0.04921875
0 0.47578125 0.68203125 0.046875 0.04921875
0 0.51328125 0.72890625 0.0375 0.05625
0 0.503125 0.68984375 0.02421875 0.040625
0 0.46015625 0.63125 0.04921875 0.02578125
0 0.40234375 0.7765625 0.03046875 0.04375
0 0.4265625 0.7546875 0.02734375 0.04921875
0 0.3546875 0.7765625 0.03984375 0.0421875
0 0.39296875 0.82734375 0.034375 0.05078125
0 0.50625 0.80234375 0.05625 0.03046875
0 0.48359375 0.75859375 0.053125 0.0359375
0 0.63515625 0.70390625 0.028125 0.05234375
0 0.65546875 0.72578125 0.03359375 0.046875
0 0.64296875 0.80625 0.0359375 0.04921875
0 0.6390625 0.76328125 0.0546875 0.03359375
0 0.59765625 0.80625 0.0265625 0.04140625
0 0.58671875 0.57421875 0.034375 0.0359375
0 0.62109375 0.59765625 0.021875 0.02734375
0 0.55703125 0.6203125 0.040625 0.03671875
0 0.5703125 0.64296875 0.03125 0.04609375
0 0.59453125 0.65625 0.021875 0.0453125
0 0.4109375 0.60546875 0.034375 0.028125
0 0.434375 0.575 0.0265625 0.04453125
0 0.38515625 0.5359375 0.0359375 0.021875
0 0.40546875 0.5484375 0.02109375 0.02578125
0 0.40859375 0.51875 0.02578125 0.02734375
0 0.39296875 0.56875 0.03359375 0.025
0 0.46640625 0.55546875 0.03046875 0.04765625
0 0.48046875 0.53359375 0.02578125 0.0421875
0 0.4234375 0.49453125 0.021875 0.02265625
0 0.31484375 0.56328125 0.02421875 0.0359375
0 0.5984375 0.7546875 0.0234375 0.03828125
0 0.62890625 0.5296875 0.03671875 0.0390625
0 0.5125 0.63671875 0.046875 0.03515625
0 0.5359375 0.60078125 0.0296875 0.02890625
0 0.56875 0.54140625 0.02109375 0.0328125
0 0.58125 0.47265625 0.02109375 0.0203125
0 0.63359375 0.48828125 0.03125 0.03125
0 0.66640625 0.47734375 0.034375 0.02109375
0 0.66875 0.5515625 0.040625 0.02578125
0 0.70546875 0.55625 0.0359375 0.03203125
0 0.75078125 0.57890625 0.021875 0.0375
0 0.75546875 0.5546875 0.0390625 0.02265625
0 0.75625 0.71015625 0.02109375 0.03515625
0 0.7921875 0.67109375 0.0265625 0.03671875
0 0.49921875 0.60546875 0.04296875 0.028125