0 0.178125 0.796875 0.12734375 0.0890625
0 0.12265625 0.89453125 0.1078125 0.13359375
0 0.28671875 0.97734375 0.0578125 0.0453125
0 0.39296875 0.96640625 0.053125 0.0671875
0 0.96328125 0.96171875 0.07265625 0.075
0 0.83046875 0.95859375 0.0546875 0.0828125
0 0.6765625 0.825 0.06171875 0.11953125
0 0.6328125 0.96015625 0.084375 0.0796875
0 0.6859375 0.93671875 0.065625 0.1265625
0 0.74296875 0.8484375 0.0734375 0.115625
0 0.615625 0.88046875 0.10703125 0.05859375
0 0.54296875 0.82421875 0.08125 0.14375
0 0.3796875 0.90078125 0.0625 0.1328125
0 0.43828125 0.90078125 0.0671875 0.146875
0 0.50625 0.92734375 0.05625 0.12578125
0 0.59140625 0.63671875 0.09921875 0.1453125
0 0.76953125 0.7078125 0.06015625 0.1546875
0 0.74296875 0.965625 0.06015625 0.06875
0 0.55390625 0.946875 0.0859375 0.10625
0 0.29375 0.72109375 0.078125 0.1234375
0 0.38671875 0.79453125 0.10703125 0.14140625
0 0.43828125 0.75546875 0.103125 0.10859375
0 0.48203125 0.6796875 0.12734375 0.1046875
0 0.3609375 0.68203125 0.09296875 0.11640625
0 0.15546875 0.6453125 0.0984375 0.1671875
0 0.0515625 0.71328125 0.103125 0.16953125
0 0.81328125 0.7046875 0.075 0.15546875
0 0.9234375 0.678125 0.07109375 0.1421875
0 0.9671875 0.67890625 0.065625 0.14296875
0 0.86171875 0.6671875 0.07734375 0.153125
0 0.8546875 0.8 0.14375 0.090625
0 0.89921875 0.86171875 0.1328125 0.06484375
0 0.9578125 0.82578125 0.059375 0.071875
0 0.925 0.9046875 0.1203125 0.04609375
0 0.89296875 0.9609375 0.065625 0.078125
0 0.9484375 0.921875 0.04296875 0.034375
0 0.80859375 0.5796875 0.08125 0.14453125
0 0.7953125 0.49296875 0.08515625 0.121875
0 0.89765625 0.53984375 0.05078125 0.10078125
0 0.9640625 0.521875 0.071875 0.1703125
0 0.89609375 0.41640625 0.09921875 0.121875
0 0.8875 0.49296875 0.1390625 0.08203125
0 0.82890625 0.37421875 0.10234375 0.09296875
0 0.9359375 0.3015625 0.05 0.134375
0 0.984375 0.3203125 0.03125 0.140625
0 0.95390625 0.21796875 0.0921875 0.065625
0 0.9671875 0.14296875 0.065625 0.0734375
0 0.90546875 0.0375 0.06328125 0.075
0 0.946875 0.0890625 0.10625 0.053125
0 0.96953125 0.04609375 0.0609375 0.05703125
0 0.84765625 0.14296875 0.06796875 0.1390625
0 0.759375 0.040625 0.0953125 0.0796875
0 0.8484375 0.04765625 0.03671875 0.09453125
0 0.553125 0.18828125 0.07265625 0.1546875
0 0.63125 0.203125 0.06640625 0.14140625
0 0.71171875 0.2234375 0.06640625 0.12578125
0 0.77578125 0.25625 0.04921875 0.11484375
0 0.8375 0.28359375 0.04765625 0.05703125
0 0.84765625 0.2484375 0.09609375 0.09140625
0 0.73671875 0.33671875 0.1359375 0.0828125
0 0.725 0.475 0.09296875 0.1171875
0 0.625 0.4609375 0.07578125 0.11953125
0 0.64609375 0.5125 0.06484375 0.13046875
0 0.5296875 0.503125 0.071875 0.115625
0 0.4171875 0.48359375 0.0640625 0.14375
0 0.4640625 0.4953125 0.06875 0.1265625
0 0.5390625 0.3984375 0.07578125 0.15390625
0 0.646875 0.34140625 0.0921875 0.12578125
0 0.43046875 0.37578125 0.15 0.07734375
0 0.32578125 0.3578125 0.0640625 0.15
0 0.26328125 0.33671875 0.08203125 0.14140625
0 0.26796875 0.48828125 0.08828125 0.125
0 0.34296875 0.58828125 0.10859375 0.08984375
0 0.078125 0.596875 0.12109375 0.11640625
0 0.05390625 0.58671875 0.1078125 0.09921875
0 0.15234375 0.48203125 0.1484375 0.0828125
0 0.04609375 0.50390625 0.0921875 0.0703125
0 0.13359375 0.41875 0.15703125 0.0765625
0 0.125 0.3328125 0.1234375 0.075
0 0.02265625 0.3875 0.0453125 0.0515625
0 0.04296875 0.32578125 0.0859375 0.0859375
0 0.05234375 0.259375 0.1046875 0.0796875
0 0.13203125 0.25546875 0.1296875 0.115625
0 0.1 0.14140625 0.10625 0.10546875
0 0.2046875 0.15 0.0640625 0.13203125
0 0.2625 0.2390625 0.1234375 0.09453125
0 0.35390625 0.21015625 0.0765625 0.15
0 0.39453125 0.140625 0.0625 0.1375
0 0.36484375 0.05390625 0.0609375 0.1078125
0 0.4328125 0.05390625 0.0734375 0.1078125
0 0.53515625 0.0875 0.134375 0.075
0 0.68515625 0.0265625 0.1390625 0.053125
0 0.77109375 0.14453125 0.11484375 0.0609375
0 0.26328125 0.06953125 0.05703125 0.1328125
0 0.18515625 0.05 0.13046875 0.09375
0 0.1046875 0.025 0.04296875 0.05
0 0.0390625 0.05234375 0.07734375 0.1046875
0 0.44453125 0.21796875 0.09609375 0.159375
0 0.4828125 0.25234375 0.10859375 0.08828125
0 0.2859375 0.1421875 0.053125 0.13046875
0 0.51875 0.0328125 0.08203125 0.06484375