0 0.2046875 0.72734375 0.03359375 0.0359375
0 0.08125 0.76171875 0.040625 0.0390625
0 0.1046875 0.7234375 0.03046875 0.03203125
0 0.1453125 0.69453125 0.02890625 0.03671875
0 0.178125 0.82890625 0.0390625 0.03671875
0 0.2390625 0.740625 0.03828125 0.040625
0 0.2359375 0.703125 0.03671875 0.03046875
0 0.27421875 0.7546875 0.02734375 0.0390625
0 0.21484375 0.58046875 0.01953125 0.0296875
0 0.3765625 0.653125 0.03125 0.04375
0 0.45 0.62578125 0.03671875 0.04375
0 0.353125 0.55859375 0.0171875 0.0328125
0 0.4203125 0.5546875 0.03125 0.03515625
0 0.49921875 0.53125 0.0390625 0.02890625
0 0.52578125 0.5921875 0.03515625 0.05078125
0 0.3953125 0.34140625 0.025 0.0265625
0 0.37734375 0.28125 0.0421875 0.0296875
0 0.37421875 0.25078125 0.0328125 0.0328125
0 0.36015625 0.22109375 0.03046875 0.03671875
0 0.40703125 0.221875 0.025 0.0375
0 0.09609375 0.23984375 0.04296875 0.02265625
0 0.3125 0.7765625 0.02421875 0.04296875