0 0.334375 0.16171875 0.18046875 0.196875
0 0.10859375 0.70546875 0.15078125 0.1671875
0 0.11015625 0.56484375 0.12734375 0.1
0 0.171875 0.4546875 0.2171875 0.09375
0 0.190625 0.35625 0.23359375 0.11015625
0 0.27109375 0.66171875 0.10703125 0.2140625
0 0.34765625 0.53984375 0.09375 0.196875
0 0.4328125 0.409375 0.14375 0.11015625
0 0.5546875 0.28046875 0.1 0.20078125
0 0.68828125 0.2609375 0.08671875 0.20703125
0 0.790625 0.2109375 0.05703125 0.18046875
0 0.33671875 0.8921875 0.1734375 0.215625
0 0.41796875 0.78359375 0.11328125 0.17734375
0 0.48125 0.7453125 0.146875 0.1734375
0 0.59296875 0.66875 0.1171875 0.20078125
0 0.578125 0.53125 0.13359375 0.08046875
0 0.61015625 0.4296875 0.25078125 0.13046875
0 0.7265625 0.42265625 0.0234375 0.23046875
0 0.83203125 0.34609375 0.0734375 0.20390625
0 0.7453125 0.68203125 0.11328125 0.1875
0 0.87421875 0.553125 0.03671875 0.190625
0 0.9328125 0.39609375 0.0734375 0.20390625
0 0.92265625 0.25078125 0.12734375 0.1671875
0 0.8859375 0.696875 0.13359375 0.1171875
0 0.9640625 0.58046875 0.071875 0.2265625
0 0.625 0.94609375 0.08671875 0.1078125
0 0.70859375 0.90703125 0.06015625 0.18359375
0 0.7734375 0.89921875 0.05703125 0.2015625
0 0.82421875 0.78515625 0.090625 0.1203125
0 0.8703125 0.940625 0.05 0.11875
0 0.9109375 0.82578125 0.13671875 0.13359375
0 0.95078125 0.93515625 0.0984375 0.1078125
0 0.59453125 0.8703125 0.2140625 0.06328125
0 0.428125 0.9625 0.140625 0.075
0 0.1390625 0.9125 0.0765625 0.17421875
0 0.19921875 0.85078125 0.05 0.1640625