0 0.70703125 0.26796875 0.06953125 0.1703125
0 0.87734375 0.21015625 0.05859375 0.15546875
0 0.94140625 0.36328125 0.1171875 0.13984375
0 0.9234375 0.4953125 0.153125 0.10625
0 0.91171875 0.621875 0.16171875 0.11015625
0 0.86796875 0.69921875 0.128125 0.1046875
0 0.9421875 0.8875 0.06484375 0.1625
0 0.85390625 0.86640625 0.071875 0.196875
0 0.77578125 0.77890625 0.10625 0.1765625
0 0.72421875 0.890625 0.08359375 0.14296875
0 0.5953125 0.92890625 0.08046875 0.1421875
0 0.47578125 0.9625 0.15546875 0.075
0 0.36484375 0.9703125 0.0765625 0.05859375
0 0.83125 0.9578125 0.1109375 0.08359375
0 0.2546875 0.9421875 0.0640625 0.115625
0 0.16640625 0.93671875 0.0703125 0.1265625
0 0.01328125 0.9390625 0.0265625 0.090625
0 0.08203125 0.96015625 0.0828125 0.07734375
0 0.11171875 0.84296875 0.0484375 0.13125
0 0.19296875 0.81484375 0.096875 0.12109375
0 0.31953125 0.84609375 0.05703125 0.14453125
0 0.47109375 0.809375 0.0796875 0.16328125
0 0.41875 0.89453125 0.140625 0.05703125
0 0.56796875 0.74296875 0.09140625 0.14453125
0 0.66484375 0.7453125 0.08515625 0.096875
0 0.6484375 0.6265625 0.1421875 0.1015625
0 0.51875 0.52578125 0.06015625 0.14765625
0 0.58359375 0.49609375 0.07578125 0.15625
0 0.7078125 0.41015625 0.12421875 0.09296875
0 0.8015625 0.484375 0.15703125 0.0953125
0 0.8171875 0.06953125 0.084375 0.1390625
0 0.73125 0.0765625 0.05546875 0.15234375
0 0.496875 0.165625 0.0703125 0.1765625
0 0.34140625 0.2578125 0.12578125 0.1125
0 0.3578125 0.46796875 0.059375 0.15
0 0.2671875 0.55234375 0.07265625 0.13359375
0 0.20390625 0.47109375 0.07578125 0.153125
0 0.12734375 0.54765625 0.10625 0.08203125
0 0.05390625 0.6328125 0.0671875 0.11875
0 0.040625 0.81796875 0.08046875 0.07734375
0 0.1875 0.71484375 0.06328125 0.0875
0 0.1984375 0.6359375 0.065625 0.08125
0 0.115625 0.71484375 0.06953125 0.09453125
0 0.45703125 0.63125 0.0703125 0.1359375
0 0.12109375 0.36484375 0.084375 0.13046875
0 0.04453125 0.1921875 0.06171875 0.10859375
0 0.17578125 0.24609375 0.0703125 0.1265625
0 0.21328125 0.165625 0.04453125 0.11328125
0 0.275 0.12421875 0.06171875 0.13671875
0 0.1140625 0.10703125 0.08046875 0.10234375
0 0.48125 0.01796875 0.1265625 0.03515625
0 0.88671875 0.05625 0.071875 0.1125
0 0.509375 0.3375 0.13515625 0.07265625
0 0.58125 0.359375 0.06484375 0.1203125
0 0.63515625 0.25078125 0.06875 0.18671875
0 0.60546875 0.178125 0.08984375 0.1953125
0 0.61796875 0.01796875 0.13203125 0.03515625
0 0.21171875 0.028125 0.07890625 0.05546875
0 0.259375 0.375 0.07578125 0.15390625
0 0.41953125 0.54921875 0.08828125 0.08828125
0 0.30859375 0.62421875 0.075 0.0984375
0 0.42421875 0.1203125 0.065625 0.1421875
0 0.3375 0.16328125 0.065625 0.11484375
0 0.2984375 0.02109375 0.0546875 0.0421875
0 0.371875 0.02421875 0.040625 0.0484375
0 0.025 0.4296875 0.05 0.1125
0 0.3828125 0.77890625 0.0625 0.153125