0 0.1703125 0.55859375 0.04609375 0.05
0 0.21953125 0.50625 0.04375 0.0359375
0 0.25390625 0.4640625 0.0515625 0.05546875
0 0.1171875 0.7390625 0.07421875 0.06328125
0 0.0828125 0.83671875 0.0640625 0.04765625
0 0.1203125 0.8578125 0.0875 0.059375
0 0.10234375 0.9390625 0.0640625 0.06171875
0 0.165625 0.9359375 0.06796875 0.06171875
0 0.1515625 0.884375 0.065625 0.05
0 0.23046875 0.89921875 0.0390625 0.05703125
0 0.221875 0.8546875 0.06796875 0.05
0 0.2484375 0.790625 0.07734375 0.0359375
0 0.2921875 0.865625 0.0359375 0.0875
0 0.3703125 0.8390625 0.0640625 0.04375
0 0.44375 0.8140625 0.05625 0.07109375
0 0.51953125 0.1921875 0.03515625 0.04375
0 0.3828125 0.3984375 0.04296875 0.04296875
0 0.425 0.37265625 0.0328125 0.0546875
0 0.50625 0.440625 0.03515625 0.0390625
0 0.28046875 0.10546875 0.02890625 0.03359375
0 0.22109375 0.3921875 0.03359375 0.03203125
0 0.59296875 0.71953125 0.0453125 0.07109375
0 0.6265625 0.44140625 0.0359375 0.0578125