0 0.13515625 0.0375 0.05546875 0.07421875
0 0.209375 0.14296875 0.07421875 0.13046875
0 0.20234375 0.0421875 0.07578125 0.08359375
0 0.0109375 0.05 0.021875 0.1
0 0.09375 0.1328125 0.1265625 0.10078125
0 0.05703125 0.05703125 0.07421875 0.1140625
0 0.27421875 0.096875 0.05703125 0.16015625
0 0.35546875 0.08359375 0.11171875 0.1265625
0 0.34296875 0.0140625 0.05625 0.02734375
0 0.45390625 0.03125 0.1046875 0.0625
0 0.38203125 0.20078125 0.0953125 0.14765625
0 0.07578125 0.21796875 0.04921875 0.0515625
0 0.0546875 0.3296875 0.0734375 0.14921875
0 0.12109375 0.34140625 0.08515625 0.12890625
0 0.21640625 0.25546875 0.0875 0.1671875
0 0.26953125 0.1890625 0.08828125 0.10234375
0 0.278125 0.2625 0.06875 0.12734375
0 0.3453125 0.29453125 0.096875 0.0953125
0 0.309375 0.41796875 0.0875 0.1484375
0 0.21484375 0.4421875 0.13125 0.16484375
0 0.22578125 0.33828125 0.1359375 0.05859375
0 0.09375 0.4546875 0.07578125 0.14609375
0 0.059375 0.4890625 0.07890625 0.10234375
0 0.05 0.5625 0.1 0.06171875
0 0.15625 0.5375 0.0921875 0.115625
0 0.13984375 0.61015625 0.05625 0.078125
0 0.09609375 0.64296875 0.1 0.09296875
0 0.034375 0.63203125 0.06875 0.1046875
0 0.09140625 0.74609375 0.10546875 0.1078125
0 0.11015625 0.85 0.13203125 0.08515625
0 0.16953125 0.76796875 0.12578125 0.0625
0 0.2171875 0.721875 0.1078125 0.059375
0 0.30703125 0.71484375 0.08359375 0.12890625
0 0.259375 0.6375 0.07578125 0.0984375
0 0.2578125 0.55625 0.11015625 0.1046875
0 0.365625 0.72109375 0.06640625 0.12734375
0 0.38671875 0.62578125 0.06484375 0.09296875
0 0.4234375 0.73828125 0.03984375 0.09765625
0 0.4859375 0.71953125 0.065625 0.109375
0 0.5328125 0.7046875 0.0671875 0.08828125
0 0.5140625 0.6328125 0.05390625 0.0859375
0 0.4453125 0.62890625 0.06015625 0.096875
0 0.47421875 0.53046875 0.07890625 0.12578125
0 0.54296875 0.58671875 0.0640625 0.07890625
0 0.58828125 0.69921875 0.0546875 0.0984375
0 0.57421875 0.6375 0.084375 0.04921875
0 0.65625 0.6859375 0.05078125 0.096875
0 0.71484375 0.6625 0.0578125 0.10234375
0 0.68203125 0.59453125 0.1046875 0.059375
0 0.6734375 0.5984375 0.115625 0.05
0 0.50078125 0.453125 0.0921875 0.08046875
0 0.56953125 0.4390625 0.09296875 0.11875
0 0.55078125 0.321875 0.0625 0.12578125
0 0.50234375 0.31796875 0.03828125 0.12421875
0 0.59453125 0.3359375 0.05703125 0.10546875
0 0.5046875 0.19765625 0.07734375 0.1265625
0 0.4484375 0.21875 0.06796875 0.1453125
0 0.421875 0.07265625 0.07265625 0.1453125
0 0.53515625 0.10859375 0.06796875 0.14453125
0 0.5984375 0.04375 0.06015625 0.0875
0 0.64609375 0.08203125 0.06796875 0.13828125
0 0.61796875 0.14140625 0.071875 0.13125
0 0.6671875 0.221875 0.08203125 0.1125
0 0.62265625 0.2671875 0.06640625 0.1
0 0.7125 0.1359375 0.0703125 0.11640625
0 0.74765625 0.07421875 0.065625 0.084375
0 0.82578125 0.07578125 0.10625 0.1046875
0 0.71875 0.0375 0.1 0.07421875
0 0.91875 0.0953125 0.07109375 0.12890625
0 0.90703125 0.0140625 0.0515625 0.028125
0 0.9671875 0.07421875 0.06484375 0.10390625
0 0.9546875 0.1984375 0.06953125 0.128125
0 0.79453125 0.15078125 0.0703125 0.1125
0 0.83359375 0.2203125 0.04921875 0.12265625
0 0.85859375 0.19609375 0.0609375 0.09921875
0 0.90234375 0.18828125 0.04609375 0.0984375
0 0.94453125 0.3078125 0.05703125 0.11171875
0 0.98125 0.25546875 0.0375 0.1125
0 0.83828125 0.33046875 0.08046875 0.121875
0 0.890625 0.35 0.06796875 0.1125
0 0.75078125 0.2515625 0.09375 0.125
0 0.78515625 0.2921875 0.0546875 0.08203125
0 0.77109375 0.38828125 0.07109375 0.09296875
0 0.7421875 0.33828125 0.04921875 0.11015625
0 0.68671875 0.33046875 0.05546875 0.10234375
0 0.6359375 0.36171875 0.071875 0.09609375
0 0.71875 0.446875 0.08203125 0.11328125
0 0.8 0.48203125 0.07109375 0.090625
0 0.8453125 0.4703125 0.034375 0.0875
0 0.89375 0.42734375 0.05078125 0.0796875
0 0.95546875 0.40703125 0.0515625 0.07421875
0 0.9734375 0.48515625 0.053125 0.08671875
0 0.73125 0.5671875 0.06875 0.09375
0 0.80078125 0.5578125 0.04921875 0.09296875
0 0.60859375 0.525 0.04609375 0.0703125
0 0.65 0.63359375 0.07734375 0.0546875
0 0.778125 0.6390625 0.03359375 0.0734375
0 0.79375 0.71875 0.04296875 0.078125
0 0.840625 0.7484375 0.05546875 0.103125
0 0.87109375 0.81328125 0.06796875 0.07421875
0 0.81953125 0.87109375 0.09140625 0.06875
0 0.95859375 0.71953125 0.0515625 0.0953125
0 0.98984375 0.60078125 0.0203125 0.0953125
0 0.88671875 0.58515625 0.10390625 0.0375
0 0.88671875 0.50703125 0.03984375 0.0875
0 0.84453125 0.6015625 0.0203125 0.10703125
0 0.703125 0.771875 0.07734375 0.059375
0 0.59765625 0.790625 0.11484375 0.0421875
0 0.90078125 0.70390625 0.053125 0.0359375
0 0.90234375 0.7453125 0.06875 0.03515625
0 0.88671875 0.63046875 0.05078125 0.040625
0 0.85625 0.66640625 0.0546875 0.04296875
0 0.9484375 0.6453125 0.06796875 0.05390625