0 0.19609375 0.60625 0.290625 0.171875
0 0.60078125 0.878125 0.2625 0.21875
0 0.86484375 0.28828125 0.2703125 0.11640625
0 0.85703125 0.684375 0.1625 0.36015625
0 0.71015625 0.54921875 0.128125 0.33203125
0 0.4796875 0.47890625 0.2578125 0.2
0 0.5890625 0.31015625 0.2953125 0.13671875
0 0.1140625 0.41484375 0.22734375 0.11875
0 0.1390625 0.06484375 0.2140625 0.09765625
0 0.09765625 0.20703125 0.1953125 0.1390625
0 0.475 0.12109375 0.2765625 0.06484375
0 0.859375 0.13828125 0.1765625 0.1
0 0.29296875 0.3 0.09765625 0.24140625