0 0.653125 0.1578125 0.06171875 0.12109375
0 0.83671875 0.265625 0.1015625 0.115625
0 0.90546875 0.37890625 0.10546875 0.1359375
0 0.81640625 0.37109375 0.0984375 0.13671875
0 0.71796875 0.471875 0.07890625 0.1109375
0 0.75078125 0.4203125 0.07734375 0.1109375
0 0.875 0.63359375 0.06484375 0.11328125
0 0.96015625 0.61953125 0.0796875 0.1421875
0 0.92734375 0.11015625 0.075 0.13671875
0 0.81875 0.153125 0.09296875 0.09453125
0 0.70546875 0.07578125 0.0609375 0.1171875
0 0.8140625 0.03984375 0.046875 0.0796875
0 0.4453125 0.046875 0.05 0.08359375
0 0.50078125 0.0984375 0.08515625 0.05625
0 0.52109375 0.16640625 0.05234375 0.09453125
0 0.434375 0.26796875 0.0984375 0.09375
0 0.38984375 0.67890625 0.08671875 0.11953125
0 0.40859375 0.62109375 0.05859375 0.125
0 0.4703125 0.75078125 0.0640625 0.09765625
0 0.55234375 0.72578125 0.0875 0.1078125
0 0.5421875 0.83359375 0.0640625 0.1328125
0 0.6046875 0.8421875 0.06953125 0.10234375
0 0.715625 0.77734375 0.0734375 0.1140625
0 0.6484375 0.7671875 0.0796875 0.13984375
0 0.5625 0.62734375 0.071875 0.12109375
0 0.6140625 0.68671875 0.078125 0.1296875
0 0.89296875 0.72421875 0.07421875 0.1171875
0 0.18125 0.67890625 0.11171875 0.12109375
0 0.2953125 0.81328125 0.10546875 0.12265625
0 0.17890625 0.28515625 0.08984375 0.1046875
0 0.18359375 0.4203125 0.0859375 0.12421875
0 0.328125 0.44140625 0.1265625 0.103125
0 0.265625 0.5453125 0.059375 0.10625
0 0.190625 0.54765625 0.0625 0.08203125
0 0.24140625 0.10234375 0.06171875 0.11484375
0 0.284375 0.1546875 0.04296875 0.08046875
0 0.31484375 0.175 0.034375 0.0984375
0 0.290625 0.27578125 0.065625 0.09375
0 0.3421875 0.09140625 0.05546875 0.0890625
0 0.08828125 0.190625 0.0453125 0.0671875