0 0.2765625 0.18984375 0.12890625 0.04921875
0 0.2953125 0.109375 0.08359375 0.08984375
0 0.03125 0.4484375 0.0625 0.1328125
0 0.075 0.33671875 0.1328125 0.08984375
0 0.115625 0.24375 0.10703125 0.0578125
0 0.1890625 0.20625 0.103125 0.0640625
0 0.20703125 0.31328125 0.096875 0.06875
0 0.29921875 0.296875 0.10078125 0.0625
0 0.40625 0.21484375 0.08359375 0.09453125
0 0.45078125 0.12578125 0.103125 0.0796875
0 0.56015625 0.1234375 0.05546875 0.096875
0 0.61796875 0.1265625 0.0515625 0.115625
0 0.678125 0.12265625 0.06875 0.0640625
0 0.74140625 0.1640625 0.03671875 0.11796875
0 0.79296875 0.1671875 0.040625 0.07734375
0 0.821875 0.3640625 0.07734375 0.1265625
0 0.85 0.2609375 0.07265625 0.10078125
0 0.61015625 0.471875 0.08828125 0.11171875
0 0.68125 0.40234375 0.0625 0.1140625
0 0.728125 0.315625 0.05390625 0.08984375
0 0.6859375 0.2453125 0.1140625 0.08828125
0 0.48828125 0.2578125 0.096875 0.08984375
0 0.57109375 0.23203125 0.09453125 0.04296875
0 0.5578125 0.35390625 0.05546875 0.08984375
0 0.45625 0.35546875 0.10078125 0.06640625
0 0.6546875 0.534375 0.0515625 0.0859375
0 0.73828125 0.496875 0.0640625 0.10546875
0 0.5125 0.48046875 0.14609375 0.09453125
0 0.3703125 0.496875 0.10546875 0.12265625
0 0.2328125 0.53515625 0.10546875 0.109375
0 0.278125 0.4359375 0.13125 0.07265625
0 0.12421875 0.5828125 0.1328125 0.14375
0 0.1359375 0.45390625 0.0921875 0.096875
0 0.26953125 0.76171875 0.109375 0.09453125
0 0.290625 0.68125 0.08359375 0.1140625
0 0.2734375 0.58984375 0.075 0.14140625
0 0.328125 0.60390625 0.06015625 0.0921875
0 0.39609375 0.653125 0.08359375 0.08359375
0 0.47734375 0.66015625 0.08828125 0.07109375
0 0.509375 0.57265625 0.12265625 0.06875
0 0.5609375 0.703125 0.0625 0.1140625
0 0.62890625 0.5984375 0.05546875 0.07734375
0 0.578125 0.8890625 0.06640625 0.096875
0 0.61796875 0.8140625 0.0515625 0.10078125
0 0.64140625 0.71015625 0.046875 0.08125
0 0.7234375 0.64609375 0.0640625 0.07265625
0 0.8015625 0.73515625 0.07109375 0.0796875
0 0.8015625 0.6390625 0.06640625 0.04296875
0 0.80859375 0.55234375 0.034375 0.05390625
0 0.81328125 0.47421875 0.0515625 0.06015625
0 0.86875 0.56640625 0.05546875 0.08984375
0 0.88203125 0.68203125 0.08125 0.046875
0 0.934375 0.8015625 0.0578125 0.0625
0 0.74140625 0.834375 0.14375 0.046875
0 0.70078125 0.79609375 0.0578125 0.08125
0 0.546875 0.83828125 0.05546875 0.11796875
0 0.78515625 0.8875 0.0859375 0.0796875
0 0.63046875 0.95625 0.0984375 0.07109375
0 0.51953125 0.9453125 0.08984375 0.109375
0 0.42890625 0.82734375 0.115625 0.0796875
0 0.44921875 0.775 0.0921875 0.09453125
0 0.28671875 0.9515625 0.12265625 0.096875
0 0.3140625 0.88046875 0.05390625 0.10546875
0 0.35390625 0.9375 0.0640625 0.103125
0 0.4171875 0.9453125 0.10546875 0.109375
0 0.21171875 0.84296875 0.08359375 0.14609375
0 0.171875 0.7359375 0.11171875 0.1203125
0 0.096875 0.70390625 0.07734375 0.11171875
0 0.1171875 0.91171875 0.1265625 0.115625
0 0.13125 0.8328125 0.10703125 0.09453125
0 0.940625 0.94921875 0.0796875 0.075
0 0.83359375 0.98671875 0.10078125 0.02578125