0 0.0703125 0.084375 0.140625 0.16875
0 0.240625 0.18828125 0.15234375 0.275
0 0.09609375 0.28515625 0.1171875 0.28203125
0 0.16875 0.57265625 0.24375 0.24609375
0 0.365625 0.45390625 0.1421875 0.26953125
0 0.50234375 0.421875 0.11484375 0.271875
0 0.728125 0.2375 0.17890625 0.1734375
0 0.89296875 0.28046875 0.09296875 0.2484375
0 0.96640625 0.0859375 0.0671875 0.15546875
0 0.72578125 0.04453125 0.13046875 0.0890625
0 0.76328125 0.1390625 0.13828125 0.1109375
0 0.46875 0.23125 0.25859375 0.1671875
0 0.475 0.09375 0.2578125 0.1875
0 0.6703125 0.6296875 0.09375 0.20234375
0 0.8296875 0.615625 0.15 0.2375
0 0.94296875 0.4859375 0.1140625 0.18203125
0 0.78984375 0.46875 0.11484375 0.26484375
0 0.578125 0.48359375 0.1453125 0.19765625
0 0.678125 0.459375 0.11875 0.2
0 0.2328125 0.78046875 0.1109375 0.2828125
0 0.3359375 0.71953125 0.08671875 0.26796875
0 0.1203125 0.8296875 0.10859375 0.25078125
0 0.028125 0.8015625 0.05546875 0.275
0 0.4390625 0.9203125 0.21640625 0.159375
0 0.559375 0.85390625 0.12265625 0.19921875
0 0.55703125 0.646875 0.1140625 0.24375
0 0.43984375 0.6890625 0.15078125 0.23125
0 0.74453125 0.89921875 0.1515625 0.20078125
0 0.9359375 0.871875 0.128125 0.140625