0 0.25390625 0.0484375 0.0734375 0.096875
0 0.34296875 0.021875 0.05234375 0.04375
0 0.35859375 0.0640625 0.0484375 0.07265625
0 0.42265625 0.06484375 0.04375 0.11171875
0 0.409375 0.01484375 0.04375 0.0296875
0 0.47109375 0.04453125 0.0578125 0.0890625
0 0.56015625 0.0296875 0.0859375 0.059375
0 0.62109375 0.06796875 0.053125 0.1046875
0 0.709375 0.0765625 0.08828125 0.10078125
0 0.721875 0.00859375 0.059375 0.0171875
0 0.79296875 0.05078125 0.0578125 0.06796875
0 0.8625 0.0609375 0.10859375 0.08359375
0 0.78125 0.14140625 0.05703125 0.0984375
0 0.6609375 0.16328125 0.0765625 0.128125
0 0.58671875 0.134375 0.08828125 0.11484375
0 0.49609375 0.13046875 0.096875 0.0796875
0 0.33359375 0.1578125 0.04609375 0.1
0 0.28984375 0.1515625 0.05703125 0.09375
0 0.23671875 0.16015625 0.040625 0.09453125
0 0.1703125 0.13515625 0.07890625 0.046875
0 0.43828125 0.15703125 0.13671875 0.0984375
0 0.5640625 0.2171875 0.0640625 0.1046875
0 0.525 0.23125 0.065625 0.11015625
0 0.1765625 0.21328125 0.071875 0.06953125
0 0.21796875 0.2578125 0.05859375 0.1
0 0.2671875 0.303125 0.05 0.11796875
0 0.328125 0.35546875 0.0859375 0.1078125
0 0.334375 0.2328125 0.075 0.0875
0 0.4046875 0.30078125 0.09453125 0.121875
0 0.453125 0.2578125 0.08125 0.1109375
0 0.45234375 0.33828125 0.09765625 0.05859375
0 0.41953125 0.4 0.11171875 0.09140625
0 0.57109375 0.3796875 0.08125 0.109375
0 0.61171875 0.27890625 0.06171875 0.12578125
0 0.67109375 0.30078125 0.06171875 0.13515625
0 0.6671875 0.38828125 0.0984375 0.10078125
0 0.18671875 0.390625 0.084375 0.1015625
0 0.2359375 0.48359375 0.11328125 0.06015625
0 0.31875 0.43671875 0.0609375 0.09921875
0 0.3140625 0.5328125 0.0765625 0.10625
0 0.38203125 0.57109375 0.0703125 0.10625
0 0.334375 0.63125 0.103125 0.078125
0 0.39609375 0.671875 0.11640625 0.06953125
0 0.41640625 0.50859375 0.0921875 0.1125
0 0.4671875 0.44921875 0.10078125 0.0625
0 0.553125 0.4859375 0.09296875 0.09375
0 0.55546875 0.56875 0.04375 0.10859375
0 0.646875 0.48046875 0.07734375 0.1
0 0.7234375 0.4640625 0.09453125 0.11328125
0 0.74375 0.52734375 0.06015625 0.09296875
0 0.7015625 0.59609375 0.11640625 0.0640625
0 0.65 0.7015625 0.07578125 0.13515625
0 0.5390625 0.71953125 0.075 0.1078125
0 0.4734375 0.76328125 0.06875 0.1203125
0 0.425 0.81171875 0.0703125 0.11015625
0 0.56875 0.84609375 0.0984375 0.12421875
0 0.76875 0.76015625 0.121875 0.115625
0 0.88828125 0.825 0.1 0.06015625
0 0.790625 0.84921875 0.10703125 0.07890625
0 0.7015625 0.96484375 0.10078125 0.0703125
0 0.91953125 0.91953125 0.11953125 0.12734375
0 0.98046875 0.87109375 0.03828125 0.10859375
0 0.975 0.76015625 0.05 0.1265625
0 0.903125 0.77421875 0.1234375 0.11171875
0 0.890625 0.634375 0.1359375 0.0984375
0 0.7546875 0.6453125 0.11640625 0.1078125
0 0.965625 0.56171875 0.06875 0.0703125
0 0.83515625 0.5484375 0.13125 0.06171875
0 0.90625 0.47421875 0.09140625 0.1125
0 0.84140625 0.44765625 0.10703125 0.07265625
0 0.8296875 0.38046875 0.0828125 0.103125
0 0.975 0.37265625 0.04921875 0.12578125
0 0.9109375 0.2890625 0.07265625 0.115625
0 0.859375 0.3421875 0.08046875 0.1
0 0.77890625 0.2734375 0.09375 0.11484375
0 0.95 0.2296875 0.1 0.05625
0 0.8609375 0.22265625 0.0890625 0.0640625
0 0.840625 0.19140625 0.1109375 0.07578125
0 0.95859375 0.178125 0.0828125 0.046875
0 0.96640625 0.1234375 0.0671875 0.059375
0 0.89140625 0.1125 0.08828125 0.08046875
0 0.9515625 0.05859375 0.0578125 0.06171875