0 0.1484375 0.1640625 0.05546875 0.09375
0 0.2 0.18046875 0.0546875 0.109375
0 0.24296875 0.278125 0.0640625 0.08125
0 0.2296875 0.24609375 0.05078125 0.09296875
0 0.21796875 0.19765625 0.0546875 0.10078125
0 0.26328125 0.121875 0.04453125 0.07578125
0 0.25 0.0703125 0.03828125 0.0328125
0 0.3046875 0.22890625 0.07109375 0.10234375
0 0.2875 0.1796875 0.0390625 0.0703125
0 0.36015625 0.2328125 0.04375 0.1078125
0 0.3625 0.16484375 0.10546875 0.03828125
0 0.31328125 0.26875 0.040625 0.0921875
0 0.41875 0.23828125 0.0546875 0.09453125
0 0.44765625 0.20390625 0.03984375 0.0828125
0 0.48984375 0.20234375 0.08671875 0.08671875
0 0.46484375 0.15859375 0.0796875 0.05625
0 0.55390625 0.215625 0.040625 0.10234375
0 0.5828125 0.32265625 0.1015625 0.1
0 0.59296875 0.2390625 0.05625 0.09609375
0 0.60390625 0.42109375 0.05078125 0.10625
0 0.65390625 0.3625 0.0578125 0.1
0 0.6671875 0.26953125 0.084375 0.0640625
0 0.6796875 0.19765625 0.0546875 0.084375
0 0.74296875 0.18359375 0.03828125 0.07890625
0 0.76171875 0.309375 0.06171875 0.0859375
0 0.7640625 0.240625 0.04375 0.08671875
0 0.8296875 0.2484375 0.05703125 0.0984375
0 0.85625 0.2796875 0.03046875 0.09765625
0 0.9109375 0.271875 0.046875 0.12578125
0 0.9625 0.26796875 0.05625 0.09375
0 0.865625 0.18125 0.04921875 0.08515625
0 0.92578125 0.171875 0.059375 0.10546875
0 0.721875 0.58125 0.0890625 0.0984375
0 0.75546875 0.49609375 0.05625 0.096875
0 0.7890625 0.50234375 0.03984375 0.0875
0 0.83203125 0.43515625 0.04921875 0.08828125
0 0.86796875 0.45703125 0.0609375 0.10390625
0 0.9265625 0.39375 0.08203125 0.08515625
0 0.91953125 0.3421875 0.08046875 0.0625
0 0.9859375 0.3796875 0.028125 0.08125
0 0.82734375 0.55546875 0.053125 0.11171875
0 0.8953125 0.5 0.05625 0.096875
0 0.84375 0.61640625 0.0453125 0.07890625
0 0.878125 0.6453125 0.040625 0.0734375
0 0.915625 0.59609375 0.0828125 0.0890625
0 0.9484375 0.515625 0.04140625 0.090625
0 0.96171875 0.446875 0.0765625 0.04375
0 0.9828125 0.51875 0.03359375 0.07421875
0 0.80078125 0.35 0.06875 0.0984375
0 0.6875 0.4046875 0.06796875 0.1140625
0 0.7515625 0.415625 0.0984375 0.065625
0 0.3671875 0.32578125 0.0546875 0.09921875
0 0.39375 0.3765625 0.04140625 0.10390625
0 0.44609375 0.31484375 0.05625 0.1015625
0 0.5109375 0.3484375 0.0625 0.1015625
0 0.05078125 0.48828125 0.05390625 0.08671875
0 0.125 0.45390625 0.04921875 0.0984375
0 0.1734375 0.37890625 0.07578125 0.109375
0 0.20703125 0.3359375 0.05625 0.10546875
0 0.26328125 0.35234375 0.06875 0.0859375
0 0.325 0.390625 0.0578125 0.115625
0 0.3515625 0.47109375 0.040625 0.09296875
0 0.4390625 0.53203125 0.0625 0.08984375
0 0.4328125 0.44765625 0.05625 0.08671875
0 0.48359375 0.45 0.05078125 0.11015625
0 0.54453125 0.4453125 0.0453125 0.09453125
0 0.51484375 0.56796875 0.03203125 0.1
0 0.5953125 0.51171875 0.06640625 0.0875
0 0.6859375 0.48984375 0.05078125 0.07265625
0 0.8609375 0.74140625 0.09296875 0.06875
0 0.91171875 0.67109375 0.03125 0.04765625
0 0.96875 0.6921875 0.0421875 0.103125
0 0.9859375 0.6125 0.028125 0.06171875
0 0.13671875 0.58125 0.0625 0.0953125
0 0.11640625 0.54921875 0.0421875 0.0875
0 0.17421875 0.5046875 0.05703125 0.09296875
0 0.20859375 0.475 0.05234375 0.08359375
0 0.24375 0.44765625 0.07578125 0.0953125
0 0.0515625 0.43359375 0.028125 0.0375
0 0.0203125 0.6453125 0.0296875 0.084375
0 0.04453125 0.6296875 0.0578125 0.0890625
0 0.08046875 0.54296875 0.03046875 0.096875
0 0.2171875 0.565625 0.04921875 0.08828125
0 0.28515625 0.52578125 0.0578125 0.09453125
0 0.39296875 0.91328125 0.06640625 0.128125
0 0.3765625 0.83515625 0.05703125 0.07890625
0 0.2734375 0.8703125 0.07578125 0.10078125
0 0.30859375 0.80703125 0.03515625 0.0390625
0 0.359375 0.78203125 0.0625 0.10546875
0 0.3390625 0.70703125 0.05234375 0.103125
0 0.3984375 0.60546875 0.07734375 0.05
0 0.38359375 0.54765625 0.05546875 0.10625
0 0.47734375 0.575 0.04765625 0.103125
0 0.31171875 0.7296875 0.0546875 0.125
0 0.3625 0.67109375 0.06328125 0.10546875
0 0.39921875 0.7484375 0.05234375 0.0953125
0 0.434375 0.66953125 0.05 0.1015625
0 0.4765625 0.68671875 0.06015625 0.08984375
0 0.540625 0.6140625 0.0515625 0.1015625
0 0.51171875 0.715625 0.04296875 0.08671875
0 0.56015625 0.72578125 0.06328125 0.1078125
0 0.58359375 0.703125 0.03359375 0.11171875
0 0.628125 0.71953125 0.06484375 0.1046875
0 0.64765625 0.646875 0.09453125 0.06328125
0 0.63203125 0.59296875 0.096875 0.05546875
0 0.7171875 0.68125 0.06015625 0.0953125
0 0.79765625 0.67890625 0.0609375 0.09765625
0 0.8359375 0.83125 0.06796875 0.08125
0 0.890625 0.7875 0.046875 0.1046875
0 0.934375 0.84921875 0.09296875 0.059375
0 0.94453125 0.7890625 0.07734375 0.08359375
0 0.94140625 0.9296875 0.09453125 0.05703125
0 0.84609375 0.96953125 0.090625 0.06015625
0 0.98359375 0.9828125 0.03203125 0.03359375
0 0.80390625 0.93359375 0.08671875 0.06796875
0 0.75078125 0.840625 0.08671875 0.06328125
0 0.5640625 0.82578125 0.05546875 0.11953125
0 0.60546875 0.825 0.0640625 0.1125
0 0.6625 0.85078125 0.103125 0.0796875
0 0.74140625 0.78515625 0.06171875 0.109375
0 0.665625 0.76328125 0.0609375 0.07109375
0 0.69140625 0.75859375 0.034375 0.04296875
0 0.77578125 0.77421875 0.03359375 0.03359375
0 0.13671875 0.77890625 0.0453125 0.12734375
0 0.1734375 0.784375 0.0515625 0.09375
0 0.1875 0.88359375 0.053125 0.0984375
0 0.21015625 0.8125 0.03125 0.11953125
0 0.2109375 0.72109375 0.05703125 0.08515625
0 0.25390625 0.71328125 0.06953125 0.11953125
0 0.03984375 0.7734375 0.04296875 0.09609375
0 0.01171875 0.72421875 0.0234375 0.0765625
0 0.07421875 0.68046875 0.04375 0.06328125
0 0.1296875 0.67734375 0.0640625 0.11015625
0 0.17734375 0.6875 0.0703125 0.1015625
0 0.24140625 0.621875 0.046875 0.096875
0 0.3078125 0.61015625 0.06328125 0.10234375
0 0.01484375 0.91171875 0.0296875 0.09765625
0 0.05390625 0.8921875 0.04375 0.09140625
0 0.08359375 0.8609375 0.04296875 0.1078125
0 0.0875 0.77890625 0.05703125 0.09296875
0 0.1265625 0.96015625 0.046875 0.0796875
0 0.18828125 0.96796875 0.0515625 0.0640625
0 0.25390625 0.95859375 0.0828125 0.08203125
0 0.36796875 0.978125 0.09765625 0.04375
0 0.4359375 0.859375 0.06171875 0.06796875
0 0.50546875 0.82890625 0.05390625 0.1265625
0 0.54375 0.953125 0.08828125 0.09375
0 0.6203125 0.915625 0.09375 0.04609375
0 0.0375 0.9734375 0.046875 0.053125