0 0.35625 0.096875 0.0640625 0.071875
0 0.38515625 0.11640625 0.046875 0.084375
0 0.4375 0.0234375 0.02890625 0.03828125
0 0.41796875 0.1546875 0.05234375 0.0953125
0 0.45703125 0.053125 0.02578125 0.025
0 0.54453125 0.17578125 0.025 0.0796875
0 0.58203125 0.16015625 0.046875 0.109375
0 0.62265625 0.2203125 0.0484375 0.096875
0 0.62265625 0.13125 0.0375 0.09375
0 0.67890625 0.146875 0.046875 0.071875
0 0.66171875 0.11796875 0.04453125 0.07421875
0 0.7203125 0.1546875 0.046875 0.07421875
0 0.7640625 0.18046875 0.0375 0.10234375
0 0.82109375 0.15859375 0.05703125 0.0953125
0 0.88515625 0.175 0.0375 0.078125
0 0.921875 0.18359375 0.0515625 0.0953125
0 0.9796875 0.20078125 0.03984375 0.10234375
0 0.48515625 0.121875 0.0390625 0.0859375
0 0.2203125 0.721875 0.0375 0.08671875
0 0.3 0.73515625 0.0390625 0.0734375
0 0.23046875 0.79609375 0.03359375 0.06796875
0 0.33125 0.8375 0.0390625 0.075
0 0.390625 0.76484375 0.03671875 0.10078125
0 0.4265625 0.7015625 0.03515625 0.08125
0 0.4765625 0.75390625 0.046875 0.0890625
0 0.471875 0.84765625 0.03671875 0.075
0 0.5359375 0.85703125 0.040625 0.0828125
0 0.55234375 0.96484375 0.040625 0.0703125
0 0.50390625 0.94921875 0.05234375 0.090625
0 0.44296875 0.90234375 0.0359375 0.0796875
0 0.37734375 0.90078125 0.05390625 0.07109375
0 0.34375 0.68515625 0.03984375 0.09140625
0 0.56640625 0.71640625 0.04453125 0.08046875
0 0.57890625 0.78359375 0.03671875 0.06875
0 0.6921875 0.82421875 0.04453125 0.0734375
0 0.659375 0.921875 0.0546875 0.06953125
0 0.6984375 0.88828125 0.0796875 0.05625
0 0.796875 0.884375 0.08203125 0.04375
0 0.965625 0.8609375 0.06875 0.05234375
0 0.8953125 0.84609375 0.0765625 0.05546875
0 0.78125 0.82109375 0.0609375 0.05625
0 0.75703125 0.71953125 0.046875 0.0875
0 0.87421875 0.6890625 0.04375 0.0921875
0 0.97109375 0.65390625 0.0578125 0.04140625
0 0.96015625 0.74140625 0.040625 0.0828125
0 0.809375 0.7484375 0.0453125 0.065625
0 0.86796875 0.59140625 0.0546875 0.08828125
0 0.93984375 0.5890625 0.046875 0.0890625
0 0.9734375 0.496875 0.0515625 0.0921875
0 0.77578125 0.44140625 0.10859375 0.0453125
0 0.79453125 0.503125 0.09140625 0.0484375
0 0.81015625 0.55390625 0.0875 0.05078125
0 0.8703125 0.49765625 0.0796875 0.06328125
0 0.89921875 0.43515625 0.0421875 0.08046875
0 0.82734375 0.30390625 0.06875 0.08828125
0 0.85625 0.33671875 0.0515625 0.090625
0 0.91484375 0.24375 0.0625 0.06796875
0 0.93515625 0.2953125 0.05 0.0828125
0 0.9703125 0.346875 0.05078125 0.0734375
0 0.9421875 0.38984375 0.0765625 0.04296875
0 0.965625 0.434375 0.06875 0.04140625
0 0.83046875 0.22890625 0.07578125 0.071875
0 0.72890625 0.25078125 0.06015625 0.0640625
0 0.77578125 0.36171875 0.0484375 0.09140625
0 0.7203125 0.35703125 0.05 0.09140625
0 0.6890625 0.2734375 0.04375 0.08828125
0 0.6453125 0.2640625 0.04375 0.090625
0 0.65859375 0.38671875 0.04140625 0.08515625
0 0.65390625 0.4921875 0.03359375 0.0875
0 0.703125 0.4625 0.02890625 0.06640625
0 0.71640625 0.5265625 0.0328125 0.08515625
0 0.7109375 0.61328125 0.0390625 0.075
0 0.7515625 0.60625 0.03046875 0.08046875
0 0.77890625 0.61796875 0.034375 0.0703125
0 0.809375 0.66640625 0.0515625 0.0671875
0 0.7140625 0.68515625 0.03671875 0.06953125
0 0.72421875 0.7796875 0.07421875 0.0515625
0 0.621875 0.76640625 0.065625 0.05234375
0 0.6546875 0.70703125 0.05546875 0.08046875
0 0.64296875 0.59765625 0.03671875 0.08046875
0 0.67421875 0.62109375 0.0390625 0.0828125
0 0.59453125 0.64921875 0.04609375 0.09140625
0 0.49296875 0.63203125 0.03359375 0.09296875
0 0.5234375 0.6125 0.0421875 0.090625
0 0.41875 0.63828125 0.0359375 0.06953125
0 0.45 0.609375 0.040625 0.0828125
0 0.37734375 0.5953125 0.046875 0.0875
0 0.49375 0.51953125 0.0453125 0.0984375
0 0.56796875 0.4828125 0.0390625 0.0921875
0 0.61484375 0.46328125 0.04375 0.09375
0 0.58125 0.3109375 0.040625 0.0796875
0 0.53984375 0.396875 0.04296875 0.08671875
0 0.60625 0.378125 0.040625 0.08984375
0 0.43671875 0.3671875 0.03984375 0.10234375
0 0.46328125 0.29375 0.0375 0.08671875
0 0.50546875 0.33203125 0.03984375 0.08984375
0 0.49375 0.16875 0.04296875 0.08359375
0 0.50546875 0.21953125 0.03359375 0.0671875
0 0.55078125 0.25546875 0.040625 0.078125
0 0.36796875 0.30390625 0.05078125 0.0828125
0 0.40625 0.26640625 0.04921875 0.0859375
0 0.3625 0.428125 0.0421875 0.09140625
0 0.38828125 0.38515625 0.04453125 0.0703125
0 0.37421875 0.515625 0.03359375 0.06640625
0 0.40625 0.48984375 0.03046875 0.065625
0 0.4375 0.45546875 0.05234375 0.04453125
0 0.43515625 0.53046875 0.0375 0.0578125
0 0.33046875 0.58515625 0.046875 0.08828125
0 0.325 0.37734375 0.0296875 0.0859375
0 0.2640625 0.39140625 0.03125 0.075
0 0.2234375 0.465625 0.028125 0.06171875
0 0.2171875 0.54609375 0.03203125 0.06328125
0 0.253125 0.52890625 0.0328125 0.06796875
0 0.19921875 0.62265625 0.06171875 0.06015625
0 0.33359375 0.5015625 0.0578125 0.0640625
0 0.2828125 0.45234375 0.04140625 0.0765625
0 0.259375 0.6546875 0.02890625 0.0640625
0 0.28828125 0.60234375 0.03828125 0.05078125
0 0.328125 0.93515625 0.02890625 0.08359375
0 0.396875 0.97109375 0.03515625 0.0578125
0 0.2828125 0.95390625 0.0515625 0.075
0 0.6 0.8578125 0.05859375 0.046875
0 0.61875 0.55 0.03828125 0.07578125