0 0.6875 0.38984375 0.1671875 0.13359375
0 0.30234375 0.46640625 0.1484375 0.17890625
0 0.45078125 0.59609375 0.10234375 0.19765625
0 0.5671875 0.57265625 0.1109375 0.1859375
0 0.653125 0.540625 0.0953125 0.13828125
0 0.7921875 0.57109375 0.1921875 0.07734375
0 0.753125 0.66875 0.17265625 0.08671875
0 0.6859375 0.76484375 0.15703125 0.09453125
0 0.528125 0.82734375 0.09921875 0.1734375
0 0.678125 0.9484375 0.0875 0.103125
0 0.79609375 0.9484375 0.1015625 0.103125
0 0.41484375 0.915625 0.1640625 0.0953125
0 0.26015625 0.92734375 0.08515625 0.1453125
0 0.165625 0.8671875 0.11171875 0.1921875
0 0.05859375 0.7515625 0.1125 0.1546875
0 0.0984375 0.584375 0.09140625 0.18125
0 0.22890625 0.70703125 0.153125 0.13359375
0 0.025 0.58359375 0.05 0.1734375