0 0.0953125 0.840625 0.1390625 0.18671875
0 0.16796875 0.61640625 0.13359375 0.1625
0 0.5015625 0.65625 0.215625 0.13203125
0 0.56015625 0.53984375 0.14921875 0.09296875
0 0.83515625 0.5203125 0.1515625 0.13359375
0 0.6421875 0.33359375 0.134375 0.08515625
0 0.05234375 0.3046875 0.10390625 0.10625
0 0.046875 0.4078125 0.09375 0.084375
0 0.07890625 0.5125 0.1578125 0.11796875
0 0.29765625 0.5625 0.1328125 0.14140625
0 0.33125 0.6875 0.1203125 0.1
0 0.17109375 0.7609375 0.14453125 0.1078125
0 0.01171875 0.825 0.02265625 0.15546875
0 0.734375 0.24921875 0.13359375 0.11328125
0 0.68203125 0.0953125 0.05 0.10546875
0 0.79375 0.06328125 0.08828125 0.12109375
0 0.58359375 0.08984375 0.07578125 0.10234375
0 0.32109375 0.14921875 0.1125 0.1640625
0 0.371875 0.24140625 0.07734375 0.14375
0 0.453125 0.30546875 0.0625 0.1578125
0 0.3703125 0.38515625 0.08515625 0.14453125
0 0.2625 0.31484375 0.12578125 0.08359375
0 0.18828125 0.15234375 0.0921875 0.10703125
0 0.09609375 0.20859375 0.15078125 0.10546875
0 0.48046875 0.1484375 0.09921875 0.15078125
0 0.415625 0.16640625 0.121875 0.0984375
0 0.51328125 0.4234375 0.109375 0.17109375
0 0.7265625 0.4 0.10546875 0.153125
0 0.61328125 0.4234375 0.1359375 0.1
0 0.85078125 0.39921875 0.08671875 0.14921875
0 0.96015625 0.4390625 0.0796875 0.159375
0 0.19375 0.4109375 0.12578125 0.0859375
0 0.29609375 0.39453125 0.06953125 0.096875
0 0.83828125 0.1953125 0.10390625 0.075
0 0.234375 0.21484375 0.05 0.13125
0 0.534375 0.25859375 0.07578125 0.13515625
0 0.63359375 0.22734375 0.05859375 0.10234375
0 0.859375 0.14375 0.05625 0.07265625
0 0.25 0.04921875 0.090625 0.09765625
0 0.53046875 0.02890625 0.09296875 0.0578125