0 0.35390625 0.515625 0.09375 0.19296875
0 0.2703125 0.25078125 0.165625 0.16640625
0 0.40625 0.1890625 0.090625 0.184375
0 0.52109375 0.275 0.1515625 0.14375
0 0.7015625 0.33671875 0.121875 0.16953125
0 0.859375 0.328125 0.1125 0.1453125
0 0.88984375 0.103125 0.07265625 0.1734375
0 0.94609375 0.1453125 0.071875 0.1703125
0 0.78046875 0.16953125 0.078125 0.16640625
0 0.82265625 0.0875 0.0921875 0.15546875
0 0.71953125 0.08984375 0.09296875 0.1796875
0 0.65390625 0.171875 0.0953125 0.19765625
0 0.61640625 0.0890625 0.07890625 0.1609375
0 0.5453125 0.084375 0.0796875 0.16484375
0 0.47265625 0.0890625 0.11328125 0.1609375
0 0.38125 0.0765625 0.0671875 0.15234375
0 0.26171875 0.14609375 0.09140625 0.1453125
0 0.2109375 0.06796875 0.0765625 0.1359375
0 0.271875 0.0625 0.06875 0.125
0 0.15625 0.04140625 0.06875 0.0828125
0 0.06796875 0.05703125 0.0671875 0.1140625
0 0.12578125 0.17890625 0.08828125 0.17578125
0 0.4546875 0.37890625 0.09765625 0.16875
0 0.50390625 0.371875 0.090625 0.1484375
0 0.6578125 0.46796875 0.190625 0.090625
0 0.48984375 0.6421875 0.19921875 0.12734375
0 0.6890625 0.71015625 0.1015625 0.19140625
0 0.821875 0.77421875 0.078125 0.17734375
0 0.83359375 0.64296875 0.15859375 0.13125
0 0.94609375 0.70703125 0.10234375 0.16328125
0 0.934375 0.85546875 0.1078125 0.1609375
0 0.6890625 0.88828125 0.18203125 0.14140625
0 0.87890625 0.95859375 0.1671875 0.0828125
0 0.4609375 0.95625 0.14765625 0.08671875
0 0.56171875 0.8078125 0.128125 0.17578125
0 0.61171875 0.6578125 0.0828125 0.1609375
0 0.33203125 0.409375 0.1203125 0.1171875
0 0.2734375 0.3828125 0.09765625 0.16484375
0 0.15546875 0.39375 0.125 0.17265625
0 0.12265625 0.51796875 0.08203125 0.178125
0 0.2015625 0.54375 0.07109375 0.1734375
0 0.26171875 0.60625 0.0625 0.17578125
0 0.21875 0.74765625 0.06640625 0.165625
0 0.265625 0.7890625 0.06328125 0.09921875
0 0.40859375 0.81796875 0.17421875 0.19921875
0 0.4546875 0.728125 0.05859375 0.08203125
0 0.3296875 0.66015625 0.07734375 0.13046875
0 0.0328125 0.79140625 0.065625 0.171875
0 0.11171875 0.83515625 0.09609375 0.18828125
0 0.25390625 0.92109375 0.1234375 0.1578125
0 0.05703125 0.296875 0.075 0.1765625
0 0.046875 0.47421875 0.0640625 0.1515625
0 0.03359375 0.1671875 0.0671875 0.1421875