0 0.228125 0.80078125 0.1125 0.1078125
0 0.08046875 0.80625 0.09453125 0.13203125
0 0.55859375 0.95625 0.1125 0.0703125
0 0.6875 0.92734375 0.1015625 0.1234375
0 0.51796875 0.87578125 0.140625 0.06796875
0 0.5640625 0.78203125 0.15859375 0.05703125
0 0.7421875 0.82265625 0.0796875 0.11640625
0 0.809375 0.86484375 0.06796875 0.134375
0 0.965625 0.83515625 0.06796875 0.06640625
0 0.91328125 0.953125 0.1078125 0.07734375
0 0.7625 0.3328125 0.08359375 0.16328125
0 0.80546875 0.1828125 0.1078125 0.1234375
0 0.925 0.15546875 0.08828125 0.15625
0 0.65546875 0.04296875 0.09453125 0.0859375
0 0.81328125 0.034375 0.1671875 0.06796875
0 0.51875 0.0703125 0.09921875 0.13203125
0 0.30390625 0.09140625 0.08828125 0.134375
0 0.21484375 0.05546875 0.0640625 0.11015625
0 0.06796875 0.0671875 0.075 0.0859375
0 0.0703125 0.23828125 0.0921875 0.11484375
0 0.1296875 0.196875 0.06640625 0.1078125
0 0.20625 0.3125 0.10390625 0.10546875
0 0.21953125 0.22578125 0.0640625 0.11640625
0 0.32578125 0.3 0.0484375 0.11875
0 0.3859375 0.2234375 0.0703125 0.08125
0 0.48125 0.2953125 0.07734375 0.11875
0 0.515625 0.19375 0.15859375 0.0921875
0 0.65859375 0.1953125 0.1015625 0.1125
0 0.52578125 0.38671875 0.05078125 0.15625
0 0.49453125 0.5078125 0.11640625 0.08125
0 0.56484375 0.43984375 0.05546875 0.14296875
0 0.63203125 0.33046875 0.0796875 0.13671875
0 0.684375 0.45625 0.07265625 0.075
0 0.69609375 0.59375 0.06171875 0.178125
0 0.76015625 0.478125 0.0703125 0.11015625
0 0.8640625 0.47265625 0.06171875 0.1125
0 0.8671875 0.34375 0.06796875 0.11015625
0 0.9515625 0.3703125 0.06640625 0.16328125
0 0.77421875 0.66015625 0.06796875 0.134375
0 0.81171875 0.765625 0.05078125 0.1078125
0 0.865625 0.7703125 0.053125 0.11640625
0 0.9125 0.6984375 0.053125 0.13203125
0 0.34296875 0.66015625 0.07265625 0.0859375
0 0.40625 0.578125 0.1390625 0.08125
0 0.34921875 0.45859375 0.06796875 0.1234375
0 0.4078125 0.44609375 0.075 0.09453125
0 0.27578125 0.421875 0.10546875 0.1125
0 0.18359375 0.4296875 0.0859375 0.096875
0 0.04296875 0.66875 0.08125 0.07734375
0 0.11328125 0.575 0.10390625 0.096875
0 0.18984375 0.646875 0.08359375 0.11640625
0 0.18515625 0.5421875 0.06171875 0.08828125
0 0.2609375 0.6203125 0.05078125 0.09453125
0 0.44375 0.69765625 0.05546875 0.16953125
0 0.5234375 0.6859375 0.11640625 0.0328125
0 0.51484375 0.58046875 0.059375 0.15234375
0 0.0375 0.43046875 0.075 0.09453125