0 0.7875 0.6109375 0.0578125 0.0921875
0 0.8140625 0.6921875 0.05 0.0953125
0 0.73125 0.92734375 0.06875 0.0859375
0 0.7703125 0.95703125 0.04453125 0.078125
0 0.803125 0.97578125 0.04375 0.0484375
0 0.68515625 0.88828125 0.05390625 0.12265625
0 0.69609375 0.98515625 0.0859375 0.0296875
0 0.6296875 0.98984375 0.053125 0.0203125
0 0.64140625 0.9265625 0.05 0.09765625
0 0.6171875 0.83984375 0.0765625 0.07109375
0 0.62265625 0.90859375 0.0890625 0.08046875
0 0.5890625 0.9203125 0.071875 0.10703125
0 0.596875 0.81171875 0.0671875 0.09609375
0 0.51328125 0.91640625 0.07265625 0.11015625
0 0.54921875 0.9703125 0.03671875 0.05859375
0 0.43671875 0.92890625 0.0421875 0.07578125
0 0.4734375 0.8765625 0.03203125 0.08984375
0 0.4921875 0.83828125 0.0515625 0.071875
0 0.5109375 0.81640625 0.05390625 0.08046875
0 0.52578125 0.7390625 0.0640625 0.08828125
0 0.54921875 0.68671875 0.05 0.09375
0 0.5828125 0.67109375 0.0515625 0.09140625
0 0.61953125 0.6546875 0.03984375 0.05859375
0 0.6203125 0.70625 0.03359375 0.0546875
0 0.57890625 0.7765625 0.0421875 0.08671875
0 0.440625 0.79375 0.03671875 0.0953125
0 0.40390625 0.75234375 0.0578125 0.08125
0 0.43828125 0.66796875 0.090625 0.096875
0 0.3765625 0.66015625 0.07421875 0.08671875
0 0.3546875 0.75234375 0.04453125 0.07109375
0 0.40859375 0.8703125 0.0484375 0.07265625
0 0.2578125 0.9703125 0.034375 0.059375
0 0.29453125 0.97890625 0.0421875 0.0421875
0 0.37421875 0.97109375 0.02265625 0.0578125
0 0.47578125 0.97890625 0.0609375 0.0421875
0 0.2359375 0.9734375 0.04453125 0.053125
0 0.04375 0.9328125 0.040625 0.06640625
0 0.0890625 0.93046875 0.0453125 0.0609375
0 0.159375 0.89296875 0.04375 0.084375
0 0.21484375 0.92421875 0.0609375 0.10390625
0 0.296875 0.90703125 0.03984375 0.09921875
0 0.2578125 0.8859375 0.0390625 0.0828125
0 0.22421875 0.85859375 0.034375 0.06796875
0 0.1890625 0.83671875 0.03359375 0.07421875
0 0.15390625 0.8296875 0.04296875 0.07265625
0 0.13046875 0.803125 0.0390625 0.06171875
0 0.059375 0.90703125 0.040625 0.0703125
0 0.0171875 0.8671875 0.03359375 0.0828125
0 0.33515625 0.8390625 0.03203125 0.053125
0 0.37890625 0.9265625 0.06953125 0.0390625
0 0.3546875 0.89375 0.02578125 0.0390625
0 0.27421875 0.79375 0.03125 0.0609375
0 0.2984375 0.73203125 0.04921875 0.08515625
0 0.221875 0.696875 0.03515625 0.0640625
0 0.225 0.7640625 0.03671875 0.04296875
0 0.16171875 0.75 0.03203125 0.04765625
0 0.06484375 0.75234375 0.02890625 0.05859375
0 0.22578125 0.63046875 0.04453125 0.04453125
0 0.29921875 0.62890625 0.04921875 0.0390625
0 0.3390625 0.56171875 0.06015625 0.06171875
0 0.39375 0.5796875 0.05078125 0.0625
0 0.428125 0.51875 0.04609375 0.071875
0 0.52109375 0.48125 0.08203125 0.0765625
0 0.5515625 0.56875 0.0625 0.1078125
0 0.61015625 0.59765625 0.05546875 0.065625
0 0.62421875 0.52734375 0.03359375 0.1046875
0 0.56171875 0.41640625 0.078125 0.071875
0 0.6328125 0.446875 0.04296875 0.0921875
0 0.29453125 0.50390625 0.05390625 0.0484375
0 0.2140625 0.54140625 0.03984375 0.06484375
0 0.27578125 0.54921875 0.06484375 0.0828125
0 0.15625 0.5515625 0.0390625 0.06328125
0 0.19375 0.55390625 0.03671875 0.0515625
0 0.11015625 0.57890625 0.04140625 0.07109375
0 0.059375 0.66328125 0.0453125 0.065625
0 0.121875 0.72265625 0.03671875 0.0890625
0 0.021875 0.51796875 0.02578125 0.053125
0 0.084375 0.5828125 0.0421875 0.071875
0 0.20625 0.43828125 0.0375 0.0859375
0 0.2625 0.44140625 0.065625 0.06171875
0 0.38125 0.46875 0.07109375 0.0578125
0 0.4140625 0.41953125 0.0421875 0.084375
0 0.45234375 0.384375 0.03828125 0.11484375
0 0.05625 0.38828125 0.05703125 0.08828125
0 0.0890625 0.421875 0.0390625 0.06328125
0 0.48046875 0.425 0.05 0.08046875
0 0.46328125 0.38515625 0.00234375 0.00859375
0 0.59375 0.246875 0.09453125 0.109375
0 0.54140625 0.33515625 0.06328125 0.084375
0 0.6 0.3265625 0.09140625 0.0828125
0 0.5078125 0.3453125 0.0671875 0.10078125
0 0.36328125 0.3625 0.0484375 0.10390625
0 0.403125 0.3171875 0.06328125 0.10234375
0 0.471875 0.23984375 0.08671875 0.040625
0 0.52109375 0.1921875 0.06953125 0.11796875
0 0.303125 0.403125 0.0984375 0.06640625
0 0.13125 0.37890625 0.0640625 0.04765625
0 0.11953125 0.2671875 0.04296875 0.06953125
0 0.1828125 0.30859375 0.053125 0.06953125
0 0.23984375 0.35390625 0.07421875 0.05546875
0 0.25625 0.3234375 0.04453125 0.0453125
0 0.25546875 0.2609375 0.06484375 0.07109375
0 0.24453125 0.1953125 0.0875 0.05859375
0 0.36640625 0.20859375 0.07578125 0.09921875
0 0.346875 0.3109375 0.04921875 0.090625
0 0.32265625 0.28359375 0.04453125 0.0796875
0 0.39453125 0.1 0.07734375 0.1171875
0 0.44765625 0.11171875 0.06328125 0.1125
0 0.4953125 0.13203125 0.05859375 0.1203125
0 0.57734375 0.16171875 0.08828125 0.115625
0 0.64453125 0.1359375 0.03359375 0.103125
0 0.57109375 0.03046875 0.0875 0.0609375
0 0.4859375 0.02109375 0.05390625 0.0421875
0 0.396875 0.02578125 0.0828125 0.05078125
0 0.30546875 0.04375 0.0421875 0.0875
0 0.23359375 0.096875 0.04453125 0.08984375
0 0.140625 0.10703125 0.0390625 0.08515625
0 0.3625 0.11953125 0.1328125 0.06484375
0 0.14609375 0.20625 0.0515625 0.09453125
0 0.08671875 0.15 0.0453125 0.0609375
0 0.06171875 0.22734375 0.04375 0.10078125
0 0.0359375 0.2609375 0.0390625 0.090625
0 0.06171875 0.11015625 0.04375 0.09375
0 0.18125 0.09375 0.040625 0.07578125
0 0.20234375 0.02734375 0.0515625 0.0546875
0 0.10546875 0.02421875 0.0359375 0.0484375
0 0.04375 0.0203125 0.03203125 0.03984375
0 0.009375 0.0859375 0.01875 0.05625
0 0.08046875 0.31796875 0.0515625 0.0453125
0 0.0578125 0.44765625 0.06640625 0.0421875
0 0.14296875 0.43203125 0.05546875 0.04296875
0 0.13828125 0.65859375 0.03515625 0.0453125
0 0.10859375 0.06015625 0.06171875 0.053125
0 0.0203125 0.15078125 0.03671875 0.05703125
0 0.1953125 0.14609375 0.05859375 0.05859375
0 0.20703125 0.234375 0.0328125 0.05078125
0 0.315625 0.20703125 0.0421875 0.096875
0 0.41484375 0.15 0.05234375 0.1171875