0 0.19765625 0.07421875 0.13359375 0.1015625
0 0.29375 0.265625 0.046875 0.125
0 0.35078125 0.2703125 0.0546875 0.13984375
0 0.36484375 0.159375 0.1203125 0.04453125
0 0.35078125 0.0984375 0.09296875 0.0609375
0 0.4703125 0.15546875 0.06953125 0.11171875
0 0.4609375 0.05703125 0.09296875 0.07578125
0 0.07734375 0.2453125 0.125 0.0546875
0 0.21015625 0.26015625 0.078125 0.13125
0 0.23125 0.16171875 0.1078125 0.04453125
0 0.55859375 0.10078125 0.06796875 0.11640625
0 0.66484375 0.1140625 0.0953125 0.09296875
0 0.64453125 0.03515625 0.1140625 0.0484375
0 0.4546875 0.33125 0.1015625 0.0609375
0 0.44375 0.2484375 0.1015625 0.08671875
0 0.54140625 0.2625 0.0546875 0.14375
0 0.6484375 0.24140625 0.07421875 0.1609375
0 0.7328125 0.20703125 0.06953125 0.190625
0 0.853125 0.22109375 0.0828125 0.1625
0 0.940625 0.11875 0.071875 0.13515625
0 0.940625 0.3171875 0.084375 0.15625
0 0.76953125 0.3828125 0.07578125 0.15625
0 0.7921875 0.5296875 0.0953125 0.14140625
0 0.89765625 0.446875 0.09921875 0.1375
0 0.853125 0.078125 0.10390625 0.10546875
0 0.5765625 0.40390625 0.053125 0.1015625
0 0.6546875 0.4015625 0.0828125 0.14375
0 0.23671875 0.4828125 0.071875 0.1375
0 0.33828125 0.3953125 0.1140625 0.084375
0 0.21171875 0.3734375 0.09296875 0.07421875
0 0.11328125 0.34375 0.1078125 0.090625
0 0.13515625 0.56640625 0.1140625 0.071875
0 0.3421875 0.5484375 0.084375 0.14609375
0 0.45703125 0.48828125 0.12265625 0.09765625
0 0.621875 0.55859375 0.059375 0.13125
0 0.9390625 0.61328125 0.11015625 0.13984375
0 0.8296875 0.659375 0.1203125 0.11015625
0 0.4484375 0.6140625 0.11875 0.0609375
0 0.53046875 0.67578125 0.05078125 0.13359375
0 0.5796875 0.840625 0.071875 0.1546875
0 0.6234375 0.728125 0.1015625 0.1375
0 0.88984375 0.8375 0.13984375 0.0546875
0 0.8921875 0.76015625 0.15234375 0.0609375
0 0.87890625 0.9484375 0.053125 0.0953125
0 0.79296875 0.93671875 0.11015625 0.10546875
0 0.6671875 0.86796875 0.10390625 0.1203125
0 0.40703125 0.77421875 0.11171875 0.15625
0 0.35703125 0.896875 0.10546875 0.14765625
0 0.48828125 0.946875 0.08046875 0.10546875
0 0.29296875 0.684375 0.07421875 0.1375
0 0.1609375 0.70546875 0.09296875 0.1546875
0 0.08359375 0.81484375 0.11640625 0.11640625