0 0.5453125 0.696875 0.034375 0.05390625
0 0.56328125 0.76796875 0.03515625 0.06640625
0 0.60234375 0.77734375 0.02265625 0.0578125
0 0.61953125 0.896875 0.05234375 0.05625
0 0.6640625 0.83515625 0.06328125 0.0421875
0 0.37109375 0.78671875 0.0515625 0.03046875
0 0.44296875 0.68515625 0.05390625 0.0421875
0 0.27109375 0.5921875 0.05390625 0.03671875
0 0.25390625 0.5359375 0.03515625 0.05234375
0 0.4890625 0.559375 0.05234375 0.04296875
0 0.5390625 0.54375 0.03203125 0.04609375
0 0.57890625 0.5203125 0.02890625 0.0328125
0 0.56171875 0.48046875 0.03125 0.040625
0 0.8890625 0.48671875 0.053125 0.03984375
0 0.728125 0.325 0.0390625 0.0359375
0 0.71484375 0.290625 0.040625 0.0421875
0 0.6 0.40390625 0.0328125 0.05234375
0 0.2515625 0.31953125 0.03046875 0.046875
0 0.17421875 0.40078125 0.03359375 0.04609375
0 0.16953125 0.9265625 0.0234375 0.05390625
0 0.184375 0.853125 0.046875 0.05625
0 0.1140625 0.9171875 0.034375 0.028125
0 0.04609375 0.8484375 0.03671875 0.034375
0 0.09609375 0.78125 0.0328125 0.04609375
0 0.4671875 0.9515625 0.05703125 0.04609375
0 0.509375 0.98515625 0.05 0.0296875
0 0.890625 0.146875 0.03203125 0.02890625
0 0.696875 0.7109375 0.04453125 0.05390625