0 0.88828125 0.05625 0.1078125 0.1125
0 0.77421875 0.06796875 0.0859375 0.1359375
0 0.846875 0.1625 0.1484375 0.11328125
0 0.74140625 0.18125 0.0984375 0.16171875
0 0.8640625 0.27109375 0.17578125 0.1015625
0 0.97734375 0.26953125 0.0453125 0.08125
0 0.64140625 0.05703125 0.10078125 0.1140625
0 0.51875 0.09609375 0.11171875 0.13984375
0 0.615625 0.15546875 0.14453125 0.08828125
0 0.47265625 0.05859375 0.0875 0.11640625
0 0.3453125 0.05625 0.11796875 0.1125
0 0.353125 0.109375 0.14453125 0.09609375
0 0.29296875 0.02109375 0.05234375 0.04140625
0 0.30390625 0.21171875 0.11171875 0.15234375
0 0.47421875 0.240625 0.13203125 0.0859375
0 0.61875 0.28671875 0.13125 0.1453125
0 0.6765625 0.34140625 0.1453125 0.09765625
0 0.76640625 0.36953125 0.1328125 0.11015625
0 0.92109375 0.40625 0.15703125 0.0921875
0 0.5171875 0.42265625 0.0859375 0.15546875
0 0.4421875 0.328125 0.1109375 0.14375
0 0.45078125 0.421875 0.1109375 0.0921875
0 0.5265625 0.52265625 0.08515625 0.08671875
0 0.6890625 0.48203125 0.15234375 0.18359375
0 0.8171875 0.4828125 0.11171875 0.1890625
0 0.93359375 0.4875 0.1328125 0.09375
0 0.88671875 0.609375 0.13359375 0.15234375
0 0.978125 0.64140625 0.04375 0.15234375
0 0.95078125 0.7734375 0.0984375 0.1328125
0 0.89453125 0.85625 0.21015625 0.08046875
0 0.8078125 0.7265625 0.1625 0.184375
0 0.6578125 0.653125 0.10390625 0.159375
0 0.65 0.79609375 0.14921875 0.07421875
0 0.765625 0.91171875 0.1328125 0.15078125
0 0.6546875 0.90703125 0.15234375 0.11328125
0 0.41171875 0.9125 0.109375 0.10546875
0 0.51796875 0.9640625 0.0734375 0.071875
0 0.6265625 0.95546875 0.14375 0.0890625
0 0.5578125 0.84453125 0.153125 0.0703125
0 0.53125 0.70390625 0.14453125 0.0828125
0 0.51015625 0.5953125 0.16640625 0.07734375
0 0.3515625 0.98828125 0.09921875 0.0234375
0 0.284375 0.91328125 0.065625 0.11875
0 0.3015625 0.82578125 0.12265625 0.11484375
0 0.33984375 0.7796875 0.090625 0.12578125
0 0.42265625 0.7890625 0.11953125 0.07109375
0 0.35 0.66015625 0.07890625 0.153125
0 0.38515625 0.55234375 0.0765625 0.17265625
0 0.16953125 0.7734375 0.07734375 0.16875
0 0.140625 0.8953125 0.11015625 0.05625
0 0.23046875 0.9421875 0.065625 0.115625
0 0.1546875 0.9609375 0.07109375 0.078125
0 0.0640625 0.97421875 0.0625 0.0515625
0 0.01796875 0.96484375 0.0359375 0.0703125
0 0.053125 0.775 0.0921875 0.14296875
0 0.10234375 0.73203125 0.07109375 0.12578125
0 0.01953125 0.85234375 0.03828125 0.13359375
0 0.1546875 0.64140625 0.09765625 0.1515625
0 0.040625 0.6015625 0.071875 0.15078125
0 0.16796875 0.54453125 0.1578125 0.05546875
0 0.25625 0.39921875 0.0828125 0.10078125
0 0.32421875 0.340625 0.109375 0.12890625
0 0.175 0.4515625 0.06875 0.11015625
0 0.32265625 0.5046875 0.134375 0.11875
0 0.0328125 0.47265625 0.06484375 0.0734375
0 0.09453125 0.41953125 0.08828125 0.1515625
0 0.07578125 0.3578125 0.0921875 0.14375
0 0.1203125 0.24765625 0.0640625 0.11484375
0 0.18125 0.21796875 0.0828125 0.09765625
0 0.24296875 0.12734375 0.08515625 0.08984375
0 0.18359375 0.084375 0.07265625 0.15
0 0.08984375 0.175 0.13203125 0.090625
0 0.1203125 0.13125 0.09921875 0.05859375
0 0.0953125 0.04296875 0.07421875 0.0859375
0 0.03046875 0.053125 0.06015625 0.10625
0 0.05625 0.265625 0.05703125 0.07734375