0 0.08671875 0.1109375 0.04453125 0.10625
0 0.153125 0.1140625 0.05703125 0.08984375
0 0.25078125 0.103125 0.05390625 0.10078125
0 0.3125 0.04921875 0.0546875 0.09609375
0 0.38046875 0.04296875 0.053125 0.0796875
0 0.30078125 0.17578125 0.09609375 0.06953125
0 0.48515625 0.1453125 0.06328125 0.0578125
0 0.13671875 0.2421875 0.05 0.0796875
0 0.2203125 0.1890625 0.0796875 0.0625
0 0.24609375 0.2375 0.09921875 0.0484375
0 0.065625 0.2484375 0.06015625 0.0890625
0 0.04375 0.16640625 0.071875 0.05390625
0 0.190625 0.2671875 0.078125 0.040625
0 0.2078125 0.3109375 0.08984375 0.04765625
0 0.28515625 0.2625 0.0875 0.0640625
0 0.29453125 0.31953125 0.06484375 0.09921875
0 0.35 0.33671875 0.06953125 0.10859375
0 0.38125 0.24296875 0.06640625 0.10703125
0 0.46171875 0.246875 0.09765625 0.1140625
0 0.5984375 0.22890625 0.04921875 0.09921875
0 0.546875 0.28515625 0.0734375 0.11953125
0 0.478125 0.334375 0.09609375 0.07265625
0 0.41640625 0.33671875 0.07890625 0.08203125
0 0.04609375 0.353125 0.065625 0.06796875
0 0.10546875 0.3421875 0.04296875 0.06171875
0 0.17734375 0.35546875 0.0734375 0.0671875
0 0.20234375 0.4234375 0.09375 0.09453125
0 0.7390625 0.0828125 0.05703125 0.090625
0 0.9265625 0.13515625 0.08828125 0.115625
0 0.64609375 0.15625 0.084375 0.096875
0 0.7578125 0.190625 0.08046875 0.10625
0 0.76484375 0.30859375 0.071875 0.11328125
0 0.8484375 0.31875 0.121875 0.090625
0 0.69140625 0.2609375 0.115625 0.06015625
0 0.646875 0.31640625 0.12578125 0.06640625
0 0.5953125 0.38125 0.12109375 0.134375
0 0.71015625 0.41484375 0.08203125 0.1265625
0 0.77421875 0.46875 0.0546875 0.13984375
0 0.8421875 0.43515625 0.084375 0.14453125
0 0.90546875 0.36875 0.09140625 0.12265625
0 0.34453125 0.40703125 0.109375 0.046875
0 0.2640625 0.45546875 0.05 0.11015625
0 0.31328125 0.48046875 0.06796875 0.10078125
0 0.37109375 0.48046875 0.0546875 0.10390625
0 0.440625 0.4546875 0.07578125 0.11640625
0 0.52578125 0.41875 0.071875 0.09375
0 0.4546875 0.53984375 0.04609375 0.1171875
0 0.4953125 0.5109375 0.0515625 0.1140625
0 0.61640625 0.58984375 0.06953125 0.1375
0 0.1890625 0.54140625 0.05234375 0.09375
0 0.13046875 0.54140625 0.0703125 0.1046875
0 0.059375 0.56875 0.05078125 0.10703125
0 0.09375 0.4765625 0.06328125 0.08828125
0 0.028125 0.51171875 0.0546875 0.1140625
0 0.0796875 0.4328125 0.0421875 0.04375
0 0.14453125 0.41484375 0.05390625 0.0890625
0 0.28984375 0.5734375 0.0484375 0.10078125
0 0.3703125 0.5703125 0.0703125 0.1109375
0 0.46875 0.64375 0.11015625 0.08671875
0 0.3765625 0.65 0.11328125 0.05625
0 0.28125 0.64921875 0.0859375 0.06015625
0 0.13671875 0.65546875 0.05234375 0.11328125
0 0.0828125 0.63671875 0.0421875 0.06875
0 0.02421875 0.63515625 0.0484375 0.1328125
0 0.0640625 0.6953125 0.1078125 0.08671875
0 0.1890625 0.6890625 0.05546875 0.11875
0 0.24453125 0.72890625 0.0609375 0.12109375
0 0.2953125 0.721875 0.06640625 0.11484375
0 0.40625 0.70546875 0.096875 0.06015625
0 0.5515625 0.578125 0.053125 0.13125
0 0.5484375 0.5078125 0.05390625 0.0546875
0 0.596875 0.5015625 0.07265625 0.0953125
0 0.5984375 0.73828125 0.06171875 0.1421875
0 0.49296875 0.746875 0.0578125 0.11015625
0 0.3484375 0.79296875 0.084375 0.09140625
0 0.425 0.7734375 0.0640625 0.1171875
0 0.12890625 0.78984375 0.10625 0.0609375
0 0.0515625 0.78671875 0.06171875 0.05625
0 0.23984375 0.85546875 0.0453125 0.07578125
0 0.1984375 0.83984375 0.04296875 0.12890625
0 0.15390625 0.87734375 0.05625 0.09609375
0 0.0953125 0.8640625 0.03984375 0.0859375
0 0.0296875 0.86953125 0.05390625 0.06015625
0 0.08984375 0.96640625 0.05859375 0.0671875
0 0.025 0.9671875 0.05 0.065625
0 0.159375 0.959375 0.065625 0.08125
0 0.23359375 0.95859375 0.06953125 0.0828125
0 0.33046875 0.95625 0.0953125 0.0875
0 0.4 0.96484375 0.06796875 0.0703125
0 0.4390625 0.8984375 0.078125 0.1375
0 0.49140625 0.8390625 0.10625 0.1296875
0 0.34921875 0.878125 0.0578125 0.09921875
0 0.4 0.8515625 0.05078125 0.0515625
0 0.56171875 0.9390625 0.11953125 0.11015625
0 0.60625 0.88828125 0.07265625 0.15703125
0 0.67265625 0.98046875 0.0515625 0.0390625
0 0.6796875 0.85078125 0.059375 0.05390625
0 0.75859375 0.953125 0.10546875 0.09375
0 0.91015625 0.946875 0.13515625 0.0625
0 0.85859375 0.9875 0.0703125 0.025
0 0.80859375 0.87421875 0.15390625 0.065625
0 0.79375 0.79765625 0.11875 0.09453125
0 0.9484375 0.76015625 0.1 0.1515625
0 0.665625 0.75234375 0.090625 0.12734375
0 0.753125 0.684375 0.11796875 0.13046875
0 0.878125 0.64375 0.09921875 0.13984375
0 0.81015625 0.5984375 0.084375 0.11171875
0 0.67421875 0.66640625 0.075 0.0921875
0 0.7015625 0.565625 0.0859375 0.12734375