0 0.065625 0.315625 0.10625 0.11640625
0 0.02265625 0.22109375 0.0453125 0.04765625
0 0.06796875 0.146875 0.1359375 0.084375
0 0.1203125 0.09609375 0.10859375 0.090625
0 0.14140625 0.278125 0.090625 0.08046875
0 0.14921875 0.16796875 0.07578125 0.0984375
0 0.21484375 0.1578125 0.065625 0.11328125
0 0.2765625 0.0578125 0.14375 0.07578125
0 0.44921875 0.22734375 0.0609375 0.10078125
0 0.5203125 0.11640625 0.14140625 0.090625
0 0.278125 0.25390625 0.09609375 0.078125
0 0.26875 0.171875 0.08359375 0.08046875
0 0.02890625 0.5609375 0.04296875 0.08046875
0 0.0265625 0.47109375 0.053125 0.11328125
0 0.07421875 0.42421875 0.0984375 0.07578125
0 0.13125 0.4671875 0.1109375 0.07578125
0 0.178125 0.39296875 0.10390625 0.08828125
0 0.1828125 0.2828125 0.06328125 0.05546875
0 0.32421875 0.22734375 0.0734375 0.10625
0 0.39296875 0.221875 0.06328125 0.10625
0 0.45859375 0.39765625 0.11875 0.078125
0 0.4953125 0.315625 0.0859375 0.1109375
0 0.5984375 0.34765625 0.13671875 0.0578125
0 0.5734375 0.27890625 0.07109375 0.11875
0 0.659375 0.25234375 0.0609375 0.16640625
0 0.74140625 0.26640625 0.078125 0.1390625
0 0.78671875 0.18046875 0.06796875 0.0984375
0 0.8046875 0.06953125 0.1234375 0.0734375
0 0.91171875 0.2578125 0.14140625 0.05078125
0 0.8828125 0.1796875 0.08359375 0.12109375
0 0.9546875 0.16796875 0.05078125 0.04765625
0 0.70625 0.48203125 0.11875 0.090625
0 0.72890625 0.37109375 0.16953125 0.07109375
0 0.83125 0.54296875 0.10625 0.065625
0 0.8609375 0.46328125 0.10625 0.0984375
0 0.59609375 0.4390625 0.0859375 0.090625
0 0.340625 0.415625 0.13125 0.1234375
0 0.2703125 0.38359375 0.14140625 0.090625
0 0.03515625 0.81328125 0.0609375 0.10625
0 0.1 0.71953125 0.0984375 0.1109375
0 0.1390625 0.61875 0.09609375 0.10625
0 0.17421875 0.534375 0.1109375 0.0734375
0 0.190625 0.69296875 0.06796875 0.078125
0 0.24140625 0.62890625 0.08828125 0.1109375
0 0.2296875 0.63359375 0.065625 0.14609375
0 0.29140625 0.53828125 0.11328125 0.10625
0 0.16796875 0.8046875 0.1234375 0.0375
0 0.24375 0.73984375 0.0984375 0.0859375
0 0.309375 0.65 0.06328125 0.09375
0 0.04453125 0.953125 0.06328125 0.09296875
0 0.12109375 0.95625 0.10078125 0.0734375
0 0.209375 0.8765625 0.05078125 0.0609375
0 0.3078125 0.78828125 0.08046875 0.08046875
0 0.39765625 0.715625 0.10859375 0.08828125
0 0.40546875 0.61875 0.06796875 0.090625
0 0.4875 0.73359375 0.13125 0.14921875
0 0.50390625 0.87265625 0.053125 0.11328125
0 0.56484375 0.7828125 0.08359375 0.11640625
0 0.56953125 0.653125 0.0328125 0.08828125
0 0.584375 0.5796875 0.10390625 0.11875
0 0.63984375 0.76640625 0.078125 0.08828125
0 0.6515625 0.6828125 0.08046875 0.08359375
0 0.71875 0.590625 0.053125 0.10078125
0 0.79453125 0.66015625 0.06796875 0.13359375
0 0.3640625 0.84765625 0.07109375 0.11328125
0 0.41796875 0.83984375 0.053125 0.0734375
0 0.16171875 0.89296875 0.10625 0.11875
0 0.72890625 0.946875 0.1234375 0.09609375
0 0.8625 0.953125 0.08828125 0.09296875
0 0.890625 0.9015625 0.0734375 0.065625
0 0.678125 0.89765625 0.078125 0.09375
0 0.89140625 0.7984375 0.08046875 0.090625
0 0.921875 0.60078125 0.12109375 0.07109375