0 0.27265625 0.06171875 0.0796875 0.08125
0 0.32734375 0.0265625 0.0609375 0.05234375
0 0.3390625 0.09609375 0.04921875 0.09296875
0 0.40625 0.11015625 0.06015625 0.0953125
0 0.46015625 0.1515625 0.03828125 0.08359375
0 0.484375 0.18046875 0.03359375 0.08828125
0 0.50546875 0.12734375 0.05234375 0.0875
0 0.52265625 0.09140625 0.0828125 0.07109375
0 0.59375 0.1234375 0.07265625 0.04453125
0 0.55390625 0.19921875 0.04296875 0.09375
0 0.53515625 0.29765625 0.04296875 0.09609375
0 0.53515625 0.2359375 0.04375 0.02890625
0 0.2015625 0.1875 0.08125 0.11328125
0 0.25078125 0.14140625 0.09375 0.0578125
0 0.29765625 0.134375 0.084375 0.08125
0 0.36015625 0.17109375 0.078125 0.09375
0 0.32265625 0.24921875 0.0796875 0.08984375
0 0.2625 0.275 0.1046875 0.05546875
0 0.16875 0.2265625 0.075 0.11640625
0 0.09140625 0.24453125 0.10625 0.08984375
0 0.1234375 0.32109375 0.0984375 0.109375
0 0.08828125 0.37421875 0.0875 0.10390625
0 0.01484375 0.29375 0.0296875 0.1078125
0 0.02578125 0.41328125 0.0515625 0.121875
0 0.2078125 0.33671875 0.078125 0.10703125
0 0.178125 0.4125 0.0734375 0.103125
0 0.3 0.33828125 0.06875 0.09921875
0 0.4140625 0.18671875 0.08515625 0.06796875
0 0.421875 0.2578125 0.0578125 0.11640625
0 0.48828125 0.24921875 0.08515625 0.09609375
0 0.58515625 0.28671875 0.05859375 0.0890625
0 0.61875 0.30390625 0.03671875 0.1015625
0 0.6078125 0.18515625 0.09765625 0.06875
0 0.10390625 0.5265625 0.11328125 0.090625
0 0.1796875 0.525 0.0484375 0.128125
0 0.23515625 0.51875 0.05625 0.10625
0 0.23984375 0.43828125 0.0296875 0.07578125
0 0.3046875 0.41875 0.09609375 0.071875
0 0.3078125 0.46875 0.0578125 0.04296875
0 0.2859375 0.55078125 0.0625 0.10703125
0 0.35078125 0.51484375 0.0953125 0.0625
0 0.3234375 0.59609375 0.0734375 0.1078125
0 0.36015625 0.62109375 0.0375 0.09921875
0 0.29921875 0.67265625 0.09140625 0.0921875
0 0.21875 0.6234375 0.07578125 0.13359375
0 0.1390625 0.67734375 0.10859375 0.121875
0 0.24609375 0.7390625 0.10078125 0.11171875
0 0.39296875 0.75859375 0.04140625 0.09375
0 0.3890625 0.659375 0.0609375 0.08359375
0 0.40390625 0.56796875 0.0703125 0.0421875
0 0.44296875 0.61484375 0.046875 0.08125
0 0.4328125 0.7140625 0.04140625 0.11015625
0 0.4734375 0.71171875 0.06171875 0.05703125
0 0.49375 0.76875 0.05625 0.06796875
0 0.44296875 0.7765625 0.0375 0.0828125
0 0.4 0.8484375 0.08203125 0.0546875
0 0.47109375 0.86640625 0.04296875 0.09296875
0 0.4984375 0.865625 0.046875 0.090625
0 0.48671875 0.946875 0.05390625 0.0671875
0 0.41953125 0.98671875 0.04140625 0.02578125
0 0.55625 0.95390625 0.04140625 0.0921875
0 0.59609375 0.965625 0.046875 0.06796875
0 0.66015625 0.95 0.05078125 0.0671875
0 0.6921875 0.890625 0.03125 0.09921875
0 0.5921875 0.7703125 0.03515625 0.0828125
0 0.63984375 0.77265625 0.04921875 0.08359375
0 0.56953125 0.81796875 0.0625 0.09609375
0 0.60625 0.85390625 0.0375 0.071875
0 0.72421875 0.82265625 0.06640625 0.04765625
0 0.73203125 0.90625 0.04140625 0.0484375
0 0.49140625 0.63671875 0.0390625 0.0828125
0 0.53828125 0.6890625 0.05625 0.096875
0 0.58046875 0.68046875 0.0578125 0.05078125
0 0.63984375 0.67578125 0.0421875 0.0875
0 0.63515625 0.6015625 0.04765625 0.109375
0 0.5734375 0.5890625 0.03828125 0.09375
0 0.51875 0.58359375 0.0578125 0.08828125
0 0.36796875 0.4203125 0.0796875 0.11875
0 0.38203125 0.3515625 0.0984375 0.05234375
0 0.4296875 0.434375 0.04609375 0.09140625
0 0.46640625 0.46484375 0.04453125 0.08359375
0 0.46328125 0.3890625 0.05546875 0.08984375
0 0.49609375 0.4578125 0.0421875 0.09453125
0 0.5375 0.4 0.03359375 0.10234375
0 0.5625 0.403125 0.04140625 0.11640625
0 0.59609375 0.37890625 0.02578125 0.07734375
0 0.621875 0.4140625 0.03984375 0.09609375
0 0.61015625 0.50234375 0.03984375 0.07734375
0 0.65703125 0.47109375 0.03125 0.0625
0 0.69609375 0.42890625 0.03359375 0.0515625
0 0.7546875 0.19765625 0.07265625 0.034375
0 0.76484375 0.171875 0.06328125 0.03828125
0 0.83359375 0.1921875 0.07109375 0.0421875
0 0.68359375 0.2640625 0.06171875 0.06875
0 0.728125 0.26875 0.03359375 0.0484375
0 0.78828125 0.34609375 0.021875 0.0734375
0 0.8171875 0.3953125 0.0390625 0.05
0 0.9109375 0.36015625 0.05078125 0.03125
0 0.878125 0.30234375 0.0375 0.053125
0 0.91640625 0.26015625 0.0421875 0.0265625
0 0.71640625 0.75078125 0.06015625 0.06796875
0 0.7375 0.66953125 0.07890625 0.05390625
0 0.696875 0.61796875 0.0375 0.07265625
0 0.68359375 0.6640625 0.0328125 0.05625
0 0.775 0.5765625 0.0328125 0.0765625
0 0.8203125 0.5125 0.05 0.078125
0 0.75703125 0.41796875 0.03984375 0.0734375
0 0.85625 0.8046875 0.03515625 0.06015625