0 0.4359375 0.478125 0.0484375 0.03828125
0 0.50390625 0.7234375 0.034375 0.04140625
0 0.50078125 0.65703125 0.03828125 0.04609375
0 0.503125 0.58046875 0.05078125 0.03359375
0 0.5546875 0.7203125 0.0421875 0.06015625
0 0.553125 0.66796875 0.053125 0.03828125
0 0.51953125 0.83203125 0.028125 0.03515625
0 0.28125 0.95703125 0.05234375 0.0453125
0 0.3296875 0.928125 0.0421875 0.040625
0 0.3703125 0.875 0.04375 0.04453125
0 0.33671875 0.8109375 0.05 0.05
0 0.09609375 0.9609375 0.04453125 0.03984375
0 0.0171875 0.9375 0.03359375 0.05078125
0 0.0390625 0.809375 0.03359375 0.04375
0 0.178125 0.29296875 0.05234375 0.04453125
0 0.11640625 0.13515625 0.03828125 0.03828125
0 0.47734375 0.92109375 0.04375 0.04375