0 0.24609375 0.0390625 0.07578125 0.07578125
0 0.3125 0.06484375 0.04765625 0.09296875
0 0.37578125 0.0484375 0.053125 0.09375
0 0.41875 0.11875 0.0484375 0.10703125
0 0.43828125 0.0515625 0.06796875 0.10234375
0 0.4765625 0.05 0.0453125 0.08828125
0 0.51484375 0.03203125 0.04140625 0.0640625
0 0.565625 0.03671875 0.078125 0.0734375
0 0.6453125 0.084375 0.0703125 0.10234375
0 0.62890625 0.040625 0.07421875 0.08046875
0 0.7359375 0.02578125 0.05625 0.0515625
0 0.78671875 0.02265625 0.059375 0.04453125
0 0.83125 0.07890625 0.04453125 0.09296875
0 0.85390625 0.02578125 0.11015625 0.0515625
0 0.9125 0.02265625 0.0296875 0.0453125
0 0.94296875 0.0171875 0.03125 0.034375
0 0.93046875 0.1 0.1046875 0.0875
0 0.90390625 0.1640625 0.0953125 0.08046875
0 0.934375 0.22890625 0.0921875 0.09375
0 0.97578125 0.2078125 0.0484375 0.12578125
0 0.77734375 0.2015625 0.1046875 0.04921875
0 0.75546875 0.11328125 0.05234375 0.11171875
0 0.82109375 0.1421875 0.0953125 0.06484375
0 0.69921875 0.1375 0.0640625 0.1140625
0 0.59765625 0.15078125 0.0484375 0.11171875
0 0.54921875 0.15703125 0.053125 0.10625
0 0.48828125 0.1140625 0.0859375 0.08515625
0 0.3421875 0.1328125 0.0484375 0.09921875
0 0.35625 0.23515625 0.071875 0.08828125
0 0.3875 0.2046875 0.05546875 0.096875
0 0.45546875 0.203125 0.09453125 0.109375
0 0.2625 0.16171875 0.08984375 0.07265625
0 0.25234375 0.10625 0.1 0.0625
0 0.29765625 0.21640625 0.03671875 0.10546875
0 0.184375 0.165625 0.0703125 0.10546875
0 0.134375 0.184375 0.065625 0.07890625
0 0.19921875 0.23828125 0.11484375 0.05859375
0 0.12265625 0.25625 0.05 0.0546875
0 0.14140625 0.34140625 0.04375 0.08046875
0 0.1828125 0.3109375 0.06640625 0.10234375
0 0.240625 0.365625 0.04921875 0.11328125
0 0.271875 0.315625 0.0484375 0.08203125
0 0.31875 0.3265625 0.0609375 0.0984375
0 0.3828125 0.31328125 0.04296875 0.090625
0 0.41640625 0.3125 0.03515625 0.11171875
0 0.45234375 0.3078125 0.04296875 0.09296875
0 0.48984375 0.3265625 0.0625 0.1046875
0 0.55703125 0.2359375 0.10625 0.06953125
0 0.5828125 0.31484375 0.05625 0.0890625
0 0.63125 0.3015625 0.06484375 0.09296875
0 0.67421875 0.25078125 0.109375 0.04453125
0 0.746875 0.30625 0.09609375 0.0703125
0 0.83046875 0.2859375 0.07421875 0.05859375
0 0.82265625 0.23046875 0.09375 0.05546875
0 0.90546875 0.2921875 0.05234375 0.084375
0 0.96953125 0.29453125 0.0609375 0.06484375
0 0.98046875 0.38125 0.0390625 0.11875
0 0.93515625 0.41328125 0.06640625 0.10625
0 0.975 0.45859375 0.0375 0.03515625
0 0.85703125 0.3828125 0.05390625 0.09453125
0 0.79453125 0.390625 0.06328125 0.10546875
0 0.7390625 0.39921875 0.03984375 0.11953125
0 0.68984375 0.3828125 0.05859375 0.115625
0 0.61015625 0.4 0.07578125 0.11484375
0 0.51875 0.42734375 0.05859375 0.1078125
0 0.4640625 0.4234375 0.06640625 0.09921875
0 0.4203125 0.4203125 0.05859375 0.09140625
0 0.36484375 0.4015625 0.0453125 0.090625
0 0.3140625 0.40703125 0.0515625 0.10625
0 0.24765625 0.46875 0.1015625 0.09296875
0 0.1734375 0.4484375 0.09296875 0.06875
0 0.1328125 0.4140625 0.0703125 0.05703125
0 0.078125 0.44609375 0.04375 0.096875
0 0.07109375 0.60234375 0.0515625 0.10390625
0 0.0859375 0.5234375 0.040625 0.05859375
0 0.12890625 0.5578125 0.03984375 0.1109375
0 0.18359375 0.52265625 0.05625 0.103125
0 0.2671875 0.55546875 0.0578125 0.1
0 0.31171875 0.4859375 0.04140625 0.06796875
0 0.37109375 0.50625 0.06953125 0.096875
0 0.4203125 0.4875 0.0890625 0.0859375
0 0.446875 0.56015625 0.06875 0.11171875
0 0.415625 0.6234375 0.05859375 0.10703125
0 0.3203125 0.59375 0.0609375 0.0796875
0 0.35 0.5703125 0.0765625 0.1015625
0 0.22109375 0.61875 0.07734375 0.10234375
0 0.159375 0.6484375 0.05390625 0.08125
0 0.54375 0.5015625 0.06796875 0.10859375
0 0.58359375 0.53671875 0.05078125 0.10546875
0 0.64296875 0.50078125 0.05390625 0.09609375
0 0.6859375 0.48828125 0.06796875 0.0875
0 0.75625 0.4984375 0.10625 0.06796875
0 0.81640625 0.49140625 0.10703125 0.09296875
0 0.86953125 0.4578125 0.10234375 0.0671875
0 0.91875 0.52734375 0.0578125 0.0390625
0 0.95703125 0.60078125 0.08515625 0.07890625
0 0.975 0.559375 0.05 0.05234375
0 0.925 0.6375 0.10078125 0.09140625
0 0.896875 0.67421875 0.0953125 0.0984375
0 0.85078125 0.71796875 0.04921875 0.09765625
0 0.82421875 0.5640625 0.10625 0.06171875
0 0.68984375 0.55390625 0.09921875 0.04375
0 0.6828125 0.69453125 0.05078125 0.08359375
0 0.715625 0.6578125 0.046875 0.0890625
0 0.76640625 0.659375 0.0640625 0.0546875
0 0.76796875 0.61875 0.08828125 0.090625
0 0.6125 0.58359375 0.078125 0.0859375
0 0.63515625 0.63515625 0.06796875 0.10078125
0 0.77421875 0.74453125 0.065625 0.12109375
0 0.840625 0.79609375 0.0578125 0.09375
0 0.9265625 0.79609375 0.08984375 0.046875
0 0.9125 0.73515625 0.0625 0.06640625
0 0.98671875 0.68828125 0.0265625 0.0671875
0 0.6390625 0.7734375 0.07578125 0.0859375
0 0.653125 0.88515625 0.1046875 0.04765625
0 0.65078125 0.8390625 0.109375 0.05390625
0 0.51484375 0.61328125 0.06640625 0.1203125
0 0.5390625 0.66484375 0.0578125 0.0859375
0 0.5109375 0.771875 0.040625 0.0890625
0 0.546875 0.75 0.0484375 0.08359375
0 0.48359375 0.6890625 0.06640625 0.11875
0 0.40625 0.7171875 0.06171875 0.08515625
0 0.35390625 0.68125 0.0578125 0.09921875
0 0.2828125 0.6625 0.053125 0.08046875
0 0.328125 0.7578125 0.06328125 0.0984375
0 0.3796875 0.78125 0.06015625 0.09375
0 0.478125 0.89609375 0.0765625 0.1
0 0.4609375 0.81796875 0.0421875 0.0390625
0 0.44765625 0.77734375 0.0375 0.0375
0 0.41015625 0.89453125 0.04921875 0.090625
0 0.3234375 0.93046875 0.065625 0.07890625
0 0.35859375 0.90390625 0.0546875 0.0546875
0 0.2734375 0.82890625 0.04609375 0.08125
0 0.30546875 0.8484375 0.0546875 0.08125
0 0.21796875 0.728125 0.04296875 0.08203125
0 0.2578125 0.73984375 0.0484375 0.078125
0 0.1453125 0.721875 0.06015625 0.09609375
0 0.13515625 0.8 0.0359375 0.05625
0 0.19140625 0.8015625 0.06328125 0.08125
0 0.21015625 0.875 0.040625 0.05625
0 0.03046875 0.725 0.04375 0.09375
0 0.065625 0.72265625 0.059375 0.10703125
0 0.0359375 0.809375 0.06328125 0.059375
0 0.11484375 0.88203125 0.03828125 0.06796875
0 0.1578125 0.87109375 0.04375 0.04375
0 0.61171875 0.9671875 0.0828125 0.065625
0 0.509375 0.9734375 0.0296875 0.04140625
0 0.5453125 0.975 0.065625 0.03515625
0 0.5484375 0.91953125 0.04453125 0.0734375