0 0.20625 0.828125 0.05625 0.06953125
0 0.23359375 0.6671875 0.053125 0.05078125
0 0.18359375 0.64921875 0.0375 0.06171875
0 0.2328125 0.48046875 0.01875 0.03515625
0 0.2015625 0.4484375 0.02109375 0.0328125
0 0.46484375 0.7375 0.04609375 0.040625
0 0.53203125 0.7671875 0.03125 0.040625
0 0.5421875 0.68984375 0.02890625 0.05859375
0 0.5703125 0.64765625 0.03203125 0.05859375
0 0.6046875 0.67890625 0.01640625 0.034375
0 0.5703125 0.59453125 0.0453125 0.02734375
0 0.60625 0.79765625 0.0578125 0.03984375
0 0.63828125 0.75546875 0.0421875 0.02421875
0 0.5375 0.86171875 0.04765625 0.0421875
0 0.3875 0.87890625 0.05390625 0.05625