0 0.4609375 0.87265625 0.225 0.16015625
0 0.25546875 0.940625 0.165625 0.11875
0 0.2390625 0.634375 0.159375 0.19453125
0 0.44921875 0.69921875 0.15546875 0.19375
0 0.85390625 0.04765625 0.175 0.0953125
0 0.090625 0.0921875 0.18046875 0.184375
0 0.33671875 0.05078125 0.14140625 0.1015625
0 0.3625 0.22734375 0.096875 0.13984375
0 0.37578125 0.42265625 0.14921875 0.25546875
0 0.203125 0.46484375 0.11796875 0.2640625
0 0.88984375 0.178125 0.096875 0.140625
0 0.940625 0.4671875 0.11875 0.18125
0 0.2 0.30546875 0.0890625 0.11875
0 0.2828125 0.82109375 0.12421875 0.153125
0 0.36015625 0.62421875 0.078125 0.1234375