0 0.09921875 0.784375 0.19765625 0.17265625
0 0.25625 0.6765625 0.07734375 0.14921875
0 0.3578125 0.728125 0.13984375 0.2078125
0 0.340625 0.48046875 0.165625 0.1171875
0 0.42578125 0.615625 0.0703125 0.06328125
0 0.53515625 0.56953125 0.11640625 0.14375
0 0.72265625 0.52890625 0.1921875 0.1203125
0 0.78671875 0.41328125 0.11640625 0.103125
0 0.50859375 0.4375 0.19453125 0.1125
0 0.3375 0.38046875 0.2046875 0.07890625
0 0.13984375 0.39296875 0.0734375 0.084375
0 0.05390625 0.34765625 0.08125 0.13828125
0 0.1984375 0.29921875 0.1234375 0.14375
0 0.16875 0.225 0.125 0.06484375
0 0.25625 0.2046875 0.1546875 0.065625
0 0.14375 0.17421875 0.13984375 0.078125
0 0.0421875 0.1234375 0.084375 0.11328125
0 0.0390625 0.2046875 0.07734375 0.071875
0 0.91953125 0.92734375 0.071875 0.115625
0 0.8421875 0.915625 0.08203125 0.09375
0 0.96953125 0.871875 0.0609375 0.115625
0 0.90234375 0.45390625 0.0921875 0.08046875
0 0.9671875 0.4171875 0.06484375 0.08515625
0 0.953125 0.30859375 0.09375 0.10234375
0 0.8359375 0.334375 0.140625 0.09609375
0 0.740625 0.28828125 0.1078125 0.14296875
0 0.8609375 0.23671875 0.1328125 0.078125
0 0.92890625 0.1671875 0.1421875 0.0671875
0 0.7953125 0.2078125 0.1 0.04921875
0 0.83046875 0.16328125 0.0640625 0.09140625
0 0.634375 0.31640625 0.1484375 0.0546875
0 0.6765625 0.37734375 0.13046875 0.10859375
0 0.53359375 0.38203125 0.159375 0.06015625
0 0.53515625 0.29765625 0.1140625 0.1046875
0 0.4078125 0.31875 0.11796875 0.09296875
0 0.44375 0.2359375 0.07578125 0.07578125
0 0.31796875 0.14765625 0.1125 0.075
0 0.3875 0.10234375 0.08671875 0.07421875
0 0.453125 0.12421875 0.0671875 0.13046875
0 0.43046875 0.17734375 0.0609375 0.06328125
0 0.521875 0.234375 0.109375 0.06875
0 0.6234375 0.1453125 0.1125 0.13046875
0 0.56484375 0.1234375 0.103125 0.12109375
0 0.54296875 0.0703125 0.08984375 0.13984375
0 0.70078125 0.053125 0.15 0.10625
0 0.70234375 0.1265625 0.09921875 0.04296875
0 0.74921875 0.17734375 0.0734375 0.0671875
0 0.68515625 0.20625 0.05 0.109375
0 0.884375 0.040625 0.065625 0.08125
0 0.95234375 0.03125 0.06328125 0.06171875
0 0.76953125 0.03984375 0.0484375 0.07109375