0 0.2640625 0.075 0.109375 0.15
0 0.3609375 0.06328125 0.075 0.1265625
0 0.51640625 0.05234375 0.21640625 0.08984375
0 0.5890625 0.09765625 0.22734375 0.10703125
0 0.58203125 0.221875 0.11015625 0.16875
0 0.828125 0.30625 0.11328125 0.2203125
0 0.778125 0.265625 0.00390625 0.0109375
0 0.77421875 0.103125 0.08125 0.20625
0 0.89140625 0.1546875 0.13515625 0.153125
0 0.92890625 0.04609375 0.1421875 0.0921875
0 0.1375 0.20859375 0.103125 0.2484375
0 0.15859375 0.49140625 0.07890625 0.23984375
0 0.28671875 0.4015625 0.09296875 0.228125
0 0.44765625 0.353125 0.1625 0.23671875
0 0.428125 0.63125 0.12734375 0.2453125
0 0.575 0.55546875 0.115625 0.2046875
0 0.7109375 0.54296875 0.1109375 0.22578125
0 0.7953125 0.65390625 0.09140625 0.2203125
0 0.69921875 0.29453125 0.0984375 0.20390625
0 0.934375 0.503125 0.0828125 0.225
0 0.94453125 0.32421875 0.11015625 0.16640625
0 0.853125 0.47109375 0.08046875 0.1515625
0 0.74375 0.90546875 0.0859375 0.1890625
0 0.95078125 0.89765625 0.09375 0.20390625
0 0.5921875 0.7515625 0.134375 0.19453125
0 0.53125 0.92265625 0.19609375 0.14453125
0 0.3859375 0.83125 0.1109375 0.19375
0 0.1390625 0.74921875 0.24765625 0.14453125
0 0.26171875 0.63671875 0.1296875 0.2109375
0 0.29609375 0.8578125 0.11015625 0.20078125
0 0.22421875 0.8921875 0.09921875 0.17578125
0 0.040625 0.90703125 0.08125 0.1828125