0 0.18984375 0.34765625 0.065625 0.06015625
0 0.03203125 0.40390625 0.034375 0.07734375
0 0.06015625 0.48515625 0.0828125 0.06875
0 0.1125 0.4765625 0.034375 0.08203125
0 0.203125 0.484375 0.084375 0.06015625
0 0.28671875 0.46796875 0.04921875 0.06171875
0 0.2625 0.4171875 0.06953125 0.0671875
0 0.109375 0.58828125 0.07109375 0.071875
0 0.23203125 0.571875 0.084375 0.0609375
0 0.30078125 0.56640625 0.08125 0.0640625
0 0.3359375 0.5296875 0.04609375 0.06953125
0 0.2671875 0.696875 0.04296875 0.04140625
0 0.30859375 0.734375 0.04453125 0.05703125
0 0.2375 0.665625 0.0375 0.0515625
0 0.18203125 0.6125 0.06640625 0.065625
0 0.1765625 0.54609375 0.04609375 0.0515625
0 0.15234375 0.50234375 0.03984375 0.07578125
0 0.3796875 0.39921875 0.06953125 0.090625
0 0.44921875 0.375 0.0578125 0.06328125
0 0.521875 0.37578125 0.075 0.03984375
0 0.553125 0.4515625 0.0453125 0.06015625
0 0.55234375 0.42578125 0.06484375 0.03984375
0 0.565625 0.3953125 0.0703125 0.03515625
0 0.62265625 0.43828125 0.06484375 0.0390625
0 0.60703125 0.5078125 0.02890625 0.05859375
0 0.6359375 0.47265625 0.05390625 0.05390625
0 0.73515625 0.45859375 0.090625 0.046875
0 0.35625 0.45234375 0.04921875 0.04765625
0 0.384375 0.50625 0.05546875 0.06171875
0 0.41328125 0.60625 0.0484375 0.08125
0 0.4171875 0.55 0.04375 0.03203125
0 0.45078125 0.525 0.08515625 0.0609375
0 0.45546875 0.48359375 0.04140625 0.03828125
0 0.49765625 0.47890625 0.06484375 0.065625
0 0.45 0.4296875 0.0671875 0.059375
0 0.328125 0.65625 0.08671875 0.06875
0 0.45546875 0.64765625 0.0828125 0.07421875
0 0.52578125 0.6671875 0.0953125 0.0734375
0 0.571875 0.71875 0.05234375 0.0796875
0 0.55 0.77734375 0.09375 0.06640625
0 0.3609375 0.90625 0.08203125 0.0875
0 0.28828125 0.878125 0.0640625 0.08046875
0 0.184375 0.96171875 0.03984375 0.0765625
0 0.54921875 0.97421875 0.0390625 0.0375
0 0.48671875 0.88984375 0.04609375 0.0890625
0 0.415625 0.78671875 0.0609375 0.096875
0 0.80234375 0.78828125 0.08515625 0.0609375
0 0.81015625 0.84375 0.05703125 0.06015625
0 0.72734375 0.7640625 0.0625 0.0953125
0 0.65703125 0.7609375 0.071875 0.09765625
0 0.859375 0.7296875 0.09140625 0.06796875
0 0.97109375 0.71328125 0.0578125 0.05703125
0 0.93671875 0.59453125 0.07109375 0.08359375
0 0.840625 0.58203125 0.04453125 0.06328125
0 0.87734375 0.55 0.04296875 0.0734375
0 0.85234375 0.45 0.0796875 0.03046875
0 0.90546875 0.459375 0.06796875 0.05
0 0.82421875 0.4984375 0.059375 0.07734375
0 0.79140625 0.60625 0.06015625 0.0703125
0 0.7140625 0.5421875 0.065625 0.08125
0 0.74375 0.51640625 0.04453125 0.05703125
0 0.78359375 0.54609375 0.0484375 0.06875
0 0.91328125 0.66484375 0.02890625 0.03671875
0 0.890625 0.6296875 0.02890625 0.04453125
0 0.65390625 0.64765625 0.0828125 0.09375
0 0.60078125 0.7046875 0.04296875 0.08046875
0 0.5421875 0.5375 0.04140625 0.08984375
0 0.62890625 0.54921875 0.0546875 0.0484375
0 0.4828125 0.60859375 0.06171875 0.0671875