0 0.3359375 0.45078125 0.14296875 0.06875
0 0.2484375 0.55625 0.14140625 0.109375
0 0.3828125 0.61640625 0.10546875 0.11484375
0 0.36953125 0.7328125 0.1265625 0.15078125
0 0.4515625 0.76796875 0.0734375 0.0609375
0 0.2875 0.79765625 0.08125 0.14453125
0 0.20078125 0.871875 0.059375 0.1484375
0 0.275 0.95625 0.075 0.08671875
0 0.38359375 0.93984375 0.096875 0.1203125
0 0.50625 0.91875 0.1015625 0.1625
0 0.59140625 0.93515625 0.0765625 0.1296875
0 0.66328125 0.95546875 0.04921875 0.0890625
0 0.7234375 0.95390625 0.06171875 0.0921875
0 0.7890625 0.9515625 0.08359375 0.096875
0 0.83046875 0.86953125 0.16171875 0.090625
0 0.65 0.85625 0.13515625 0.14453125
0 0.5234375 0.7828125 0.09296875 0.184375
0 0.46484375 0.60546875 0.08359375 0.1296875
0 0.21171875 0.70234375 0.08828125 0.16328125
0 0.09375 0.728125 0.09296875 0.14140625
0 0.09375 0.828125 0.153125 0.078125
0 0.07109375 0.934375 0.1421875 0.0703125
0 0.14296875 0.9703125 0.05703125 0.05859375
0 0.0265625 0.6484375 0.05234375 0.12421875
0 0.03984375 0.4640625 0.0625 0.09921875
0 0.14609375 0.5109375 0.0640625 0.1421875
0 0.07890625 0.59296875 0.06953125 0.11640625
0 0.20546875 0.45546875 0.0625 0.10703125
0 0.0734375 0.41171875 0.07109375 0.11796875
0 0.13828125 0.3421875 0.0546875 0.11796875
0 0.0125 0.371875 0.025 0.071875
0 0.04921875 0.30234375 0.053125 0.09921875
0 0.63046875 0.7578125 0.1171875 0.15859375
0 0.63203125 0.65234375 0.14609375 0.10078125
0 0.7640625 0.7875 0.1375 0.115625
0 0.9265625 0.646875 0.146875 0.10625
0 0.959375 0.7453125 0.08125 0.06875
0 0.93828125 0.5828125 0.1234375 0.1375
0 0.8046875 0.56640625 0.09921875 0.1546875
0 0.70234375 0.5171875 0.1140625 0.1171875
0 0.628125 0.5765625 0.11953125 0.0796875
0 0.67265625 0.46015625 0.13828125 0.1
0 0.5984375 0.3921875 0.12109375 0.0953125
0 0.5546875 0.49375 0.0890625 0.146875
0 0.4625 0.49609375 0.1125 0.09921875
0 0.46328125 0.3765625 0.0640625 0.13359375
0 0.58828125 0.31640625 0.06640625 0.1203125
0 0.73125 0.30390625 0.071875 0.115625
0 0.75859375 0.42734375 0.10625 0.12265625
0 0.884375 0.42265625 0.12421875 0.0890625
0 0.978125 0.3765625 0.04375 0.153125
0 0.94140625 0.28125 0.1171875 0.06640625
0 0.88984375 0.34296875 0.13125 0.0734375
0 0.81640625 0.309375 0.09765625 0.07890625
0 0.746875 0.209375 0.05859375 0.11328125
0 0.809375 0.18671875 0.06640625 0.134375
0 0.9109375 0.1671875 0.103125 0.0953125
0 0.9765625 0.19765625 0.046875 0.103125
0 0.91171875 0.04375 0.1015625 0.0875
0 0.92578125 0.04765625 0.1359375 0.09375
0 0.79921875 0.0859375 0.10078125 0.028125
0 0.790625 0.02421875 0.0625 0.0484375
0 0.70546875 0.12578125 0.0609375 0.1296875
0 0.67109375 0.22109375 0.06953125 0.10078125
0 0.50546875 0.29140625 0.08984375 0.1390625
0 0.5375 0.2140625 0.06875 0.10390625
0 0.47578125 0.17265625 0.04453125 0.08359375
0 0.56015625 0.15625 0.05078125 0.1296875
0 0.61640625 0.13984375 0.0390625 0.12578125
0 0.44609375 0.065625 0.07890625 0.1203125
0 0.43125 0.23203125 0.04609375 0.10859375
0 0.37890625 0.3578125 0.06015625 0.12890625
0 0.30703125 0.33046875 0.06328125 0.12265625
0 0.2515625 0.37578125 0.10078125 0.10546875
0 0.2390625 0.28125 0.04921875 0.10703125
0 0.321875 0.1015625 0.06171875 0.1109375
0 0.234375 0.16171875 0.0671875 0.09140625
0 0.0234375 0.15625 0.046875 0.0875
0 0.0921875 0.14765625 0.05234375 0.11328125
0 0.16640625 0.12890625 0.05 0.1
0 0.1578125 0.04453125 0.05078125 0.0890625
0 0.2453125 0.07734375 0.06796875 0.09609375
0 0.02421875 0.059375 0.04140625 0.11796875
0 0.06953125 0.0375 0.0515625 0.075
0 0.6921875 0.040625 0.14609375 0.06328125
0 0.5109375 0.01484375 0.05234375 0.02890625
0 0.59765625 0.02421875 0.0703125 0.0484375
0 0.3890625 0.18515625 0.065625 0.09921875
0 0.178125 0.25703125 0.07578125 0.07421875
0 0.14921875 0.19765625 0.0703125 0.04609375
0 0.890625 0.9578125 0.05234375 0.08359375
0 0.9609375 0.94296875 0.078125 0.1109375