0 0.75546875 0.94453125 0.07109375 0.1109375
0 0.80703125 0.9765625 0.03984375 0.046875
0 0.71640625 0.96875 0.06015625 0.0625
0 0.6625 0.93046875 0.06953125 0.09375
0 0.65390625 0.871875 0.08359375 0.08515625
0 0.6109375 0.95703125 0.04921875 0.0859375
0 0.66953125 0.98125 0.0765625 0.0375
0 0.57265625 0.97578125 0.05859375 0.0484375
0 0.51875 0.9765625 0.06484375 0.046875
0 0.51953125 0.92421875 0.03828125 0.10625
0 0.5625 0.93125 0.0765625 0.078125
0 0.58203125 0.78046875 0.0453125 0.090625
0 0.6296875 0.8375 0.0640625 0.084375
0 0.47734375 0.959375 0.06015625 0.08125
0 0.4046875 0.9734375 0.09375 0.05234375
0 0.290625 0.98046875 0.021875 0.0390625
0 0.31953125 0.99296875 0.03203125 0.0140625
0 0.26171875 0.97890625 0.03125 0.0421875
0 0.23046875 0.9640625 0.03828125 0.06953125
0 0.24921875 0.89375 0.04609375 0.0984375
0 0.3234375 0.93125 0.0359375 0.08203125
0 0.39765625 0.9296875 0.028125 0.075
0 0.4203125 0.90546875 0.03671875 0.06953125
0 0.38359375 0.8875 0.0515625 0.078125
0 0.29765625 0.78984375 0.04921875 0.0796875
0 0.31171875 0.83515625 0.025 0.0671875
0 0.284375 0.88203125 0.03828125 0.07109375
0 0.1671875 0.9421875 0.03515625 0.05703125
0 0.0703125 0.9546875 0.05078125 0.0265625
0 0.11875 0.93828125 0.0296875 0.06640625
0 0.08671875 0.9765625 0.0375 0.03828125
0 0.0421875 0.88671875 0.03203125 0.08828125
0 0.203125 0.90859375 0.0421875 0.08046875
0 0.1515625 0.76328125 0.03203125 0.071875
0 0.18984375 0.78671875 0.0359375 0.05859375
0 0.1265625 0.80078125 0.0421875 0.07109375
0 0.4375 0.871875 0.0484375 0.1109375
0 0.4625 0.81015625 0.05234375 0.09609375
0 0.484375 0.88359375 0.0390625 0.06484375
0 0.52421875 0.85546875 0.04296875 0.109375
0 0.51796875 0.7859375 0.046875 0.06953125
0 0.634375 0.7578125 0.06015625 0.09296875
0 0.821875 0.75390625 0.05859375 0.11875
0 0.81796875 0.60234375 0.05390625 0.103125
0 0.83125 0.65 0.0421875 0.07265625
0 0.58671875 0.59609375 0.08515625 0.12890625
0 0.653125 0.565625 0.04140625 0.08515625
0 0.65546875 0.634375 0.040625 0.06484375
0 0.5390625 0.69375 0.078125 0.0921875
0 0.4625 0.6625 0.08125 0.10390625
0 0.40078125 0.68203125 0.04921875 0.0921875
0 0.3421875 0.6921875 0.07890625 0.09765625
0 0.3859375 0.7765625 0.04296875 0.0671875
0 0.43515625 0.76953125 0.07421875 0.08359375
0 0.54921875 0.6234375 0.05078125 0.090625
0 0.44296875 0.56796875 0.0828125 0.0421875
0 0.39765625 0.5984375 0.04140625 0.0765625
0 0.37109375 0.56328125 0.034375 0.078125
0 0.328125 0.5375 0.0421875 0.04765625
0 0.38828125 0.48515625 0.03203125 0.0953125
0 0.46796875 0.52890625 0.07734375 0.03984375
0 0.515625 0.56484375 0.0328125 0.0265625
0 0.534375 0.49765625 0.084375 0.096875
0 0.4984375 0.47578125 0.0953125 0.0421875
0 0.4328125 0.45 0.04765625 0.09609375
0 0.3921875 0.39765625 0.0421875 0.08359375
0 0.48203125 0.4078125 0.07578125 0.0890625
0 0.54140625 0.38671875 0.06953125 0.103125
0 0.596875 0.4078125 0.04765625 0.0875
0 0.634375 0.42421875 0.05 0.05390625
0 0.56640625 0.33515625 0.0765625 0.09296875
0 0.61484375 0.3 0.0578125 0.1140625
0 0.65703125 0.30078125 0.0375 0.1046875
0 0.49765625 0.28046875 0.06328125 0.08046875
0 0.43046875 0.31171875 0.07890625 0.05390625
0 0.434375 0.36796875 0.0546875 0.075
0 0.3734375 0.325 0.04453125 0.07578125
0 0.3359375 0.31484375 0.034375 0.078125
0 0.33046875 0.2375 0.03828125 0.0703125
0 0.36953125 0.24296875 0.059375 0.0734375
0 0.34453125 0.175 0.09765625 0.053125
0 0.4 0.1765625 0.08125 0.08671875
0 0.52734375 0.165625 0.078125 0.08046875
0 0.55 0.234375 0.06015625 0.10078125
0 0.61875 0.19609375 0.05234375 0.0953125
0 0.49609375 0.14296875 0.08515625 0.0828125
0 0.36171875 0.11328125 0.07890625 0.04375
0 0.39296875 0.1390625 0.06484375 0.05703125
0 0.41953125 0.0625 0.08203125 0.0453125
0 0.6015625 0.05859375 0.11171875 0.0953125
0 0.509375 0.0421875 0.065625 0.084375
0 0.07578125 0.04609375 0.06640625 0.06953125
0 0.08359375 0.11953125 0.03515625 0.078125
0 0.140625 0.04765625 0.03671875 0.07890625
0 0.2515625 0.09375 0.05859375 0.06171875
0 0.21875 0.07265625 0.03828125 0.07890625
0 0.2546875 0.028125 0.04453125 0.05625
0 0.296875 0.07734375 0.0453125 0.08046875
0 0.340625 0.07734375 0.0515625 0.0875
0 0.21875 0.13984375 0.04296875 0.071875
0 0.178125 0.15 0.0375 0.06875
0 0.0296875 0.1421875 0.0390625 0.053125
0 0.171875 0.228125 0.03671875 0.07421875
0 0.2703125 0.14921875 0.08125 0.0515625
0 0.2234375 0.18046875 0.0453125 0.0421875
0 0.23359375 0.22578125 0.0640625 0.046875
0 0.12421875 0.184375 0.05 0.05
0 0.29140625 0.284375 0.04609375 0.0703125
0 0.26640625 0.40234375 0.05390625 0.06796875
0 0.3421875 0.396875 0.05625 0.04921875
0 0.3140625 0.440625 0.05390625 0.0609375
0 0.1796875 0.43671875 0.06875 0.03671875
0 0.153125 0.38203125 0.059375 0.053125
0 0.21796875 0.34140625 0.0640625 0.06484375
0 0.2359375 0.2703125 0.03515625 0.0390625
0 0.1765625 0.2953125 0.04140625 0.0515625
0 0.12109375 0.30859375 0.05078125 0.07109375
0 0.140625 0.61015625 0.03359375 0.05078125
0 0.2828125 0.64375 0.0421875 0.04296875
0 0.19609375 0.5609375 0.05703125 0.0453125
0 0.24765625 0.56328125 0.0421875 0.0453125
0 0.2234375 0.58828125 0.0359375 0.03359375
0 0.23828125 0.63203125 0.03515625 0.040625
0 0.10703125 0.5640625 0.04140625 0.04140625
0 0.07734375 0.67109375 0.02578125 0.0625
0 0.10859375 0.6984375 0.0265625 0.05703125
0 0.0453125 0.66171875 0.021875 0.04609375
0 0.01796875 0.653125 0.02578125 0.053125
0 0.04140625 0.54609375 0.03046875 0.0609375
0 0.13125 0.4484375 0.03203125 0.06953125
0 0.09140625 0.42265625 0.0453125 0.06953125
0 0.22890625 0.4796875 0.04375 0.07109375
0 0.26328125 0.7203125 0.04609375 0.05
0 0.25546875 0.76328125 0.03828125 0.02734375
0 0.2546875 0.790625 0.0375 0.0234375
0 0.21953125 0.7328125 0.04140625 0.03125
0 0.0109375 0.26796875 0.02109375 0.06796875
0 0.075 0.27578125 0.04375 0.0734375
0 0.0359375 0.43125 0.03125 0.0875
0 0.27890625 0.475 0.0546875 0.0515625
0 0.2765625 0.53984375 0.05 0.07265625
0 0.62421875 0.5234375 0.040625 0.03828125
0 0.64609375 0.4875 0.04921875 0.0609375
0 0.16796875 0.67890625 0.03359375 0.03046875