0 0.79375 0.66796875 0.02421875 0.02890625
0 0.6125 0.959375 0.0203125 0.034375
0 0.60859375 0.89921875 0.0265625 0.0421875
0 0.571875 0.89609375 0.03125 0.04453125
0 0.44765625 0.940625 0.0375 0.02109375
0 0.6796875 0.875 0.02734375 0.0203125
0 0.78359375 0.8421875 0.0375 0.0234375
0 0.46953125 0.74921875 0.0328125 0.03359375
0 0.184375 0.80703125 0.0359375 0.0296875
0 0.73828125 0.5078125 0.02734375 0.040625
0 0.678125 0.35546875 0.034375 0.025
0 0.6125 0.315625 0.04140625 0.021875
0 0.5390625 0.3140625 0.021875 0.025
0 0.46171875 0.31328125 0.0359375 0.02265625
0 0.38125 0.3015625 0.03515625 0.02265625
0 0.3234375 0.4609375 0.0265625 0.03203125
0 0.390625 0.55390625 0.02734375 0.0375
0 0.4484375 0.56640625 0.025 0.0203125
0 0.45234375 0.5359375 0.021875 0.02421875
0 0.48984375 0.49765625 0.02890625 0.03984375
0 0.5296875 0.509375 0.02109375 0.0359375
0 0.51015625 0.4578125 0.01953125 0.03046875
0 0.284375 0.3390625 0.02421875 0.01953125
0 0.2453125 0.28515625 0.01875 0.0171875
0 0.2765625 0.26875 0.02109375 0.02421875
0 0.0890625 0.37109375 0.02890625 0.025
0 0.1125 0.34453125 0.02265625 0.0265625
0 0.19375 0.2703125 0.021875 0.028125
0 0.38828125 0.26484375 0.03046875 0.025
0 0.38203125 0.2359375 0.0296875 0.0234375
0 0.6 0.42890625 0.0234375 0.02578125
0 0.56171875 0.40546875 0.02578125 0.02109375
0 0.61796875 0.45703125 0.03359375 0.021875