0 0.2421875 0.09296875 0.07421875 0.08046875
0 0.26875 0.0390625 0.090625 0.078125
0 0.37109375 0.15390625 0.11328125 0.10703125
0 0.3421875 0.05859375 0.05859375 0.07890625
0 0.4015625 0.0328125 0.0390625 0.0484375
0 0.17109375 0.33203125 0.0765625 0.10078125
0 0.23515625 0.30703125 0.06796875 0.1203125
0 0.253125 0.409375 0.11796875 0.08984375
0 0.2984375 0.3421875 0.06796875 0.10703125
0 0.28515625 0.24375 0.09375 0.0546875
0 0.28828125 0.1703125 0.09140625 0.07421875
0 0.35859375 0.32578125 0.0484375 0.17890625
0 0.37578125 0.2546875 0.0609375 0.08984375
0 0.45078125 0.240625 0.04140625 0.1046875
0 0.4640625 0.1390625 0.06796875 0.05859375
0 0.46328125 0.06796875 0.07421875 0.05703125
0 0.515625 0.05390625 0.05703125 0.0765625
0 0.41640625 0.3703125 0.071875 0.09375
0 0.4984375 0.2828125 0.065625 0.0984375
0 0.51875 0.21328125 0.08046875 0.08515625
0 0.54140625 0.1375 0.06953125 0.0609375
0 0.5734375 0.2875 0.05 0.10234375
0 0.57890625 0.26875 0.0484375 0.09140625
0 0.63359375 0.17109375 0.10078125 0.0765625
0 0.5984375 0.0796875 0.0609375 0.0765625
0 0.65078125 0.1046875 0.04375 0.0875
0 0.6921875 0.06015625 0.05234375 0.0765625
0 0.73046875 0.128125 0.0546875 0.08046875
0 0.79296875 0.13359375 0.04375 0.06953125
0 0.7765625 0.0578125 0.05 0.0765625
0 0.82109375 0.04609375 0.03515625 0.065625
0 0.725 0.35859375 0.11796875 0.0609375
0 0.703125 0.29140625 0.05234375 0.06796875
0 0.75703125 0.3953125 0.08046875 0.07421875
0 0.784375 0.3046875 0.065625 0.10703125
0 0.80859375 0.246875 0.05703125 0.0875
0 0.76875 0.209375 0.07890625 0.06953125
0 0.8421875 0.15546875 0.05859375 0.065625
0 0.87265625 0.06328125 0.02421875 0.065625
0 0.91640625 0.0609375 0.04140625 0.05703125
0 0.90234375 0.19140625 0.065625 0.08515625
0 0.97109375 0.13359375 0.05 0.07890625
0 0.965625 0.0296875 0.03515625 0.05859375
0 0.9 0.184375 0.0390625 0.0984375
0 0.65 0.30703125 0.04609375 0.08046875
0 0.66484375 0.2421875 0.071875 0.03046875
0 0.859375 0.3265625 0.05 0.09375
0 0.79765625 0.5671875 0.05703125 0.10234375
0 0.8640625 0.4984375 0.09375 0.07421875
0 0.85 0.42265625 0.09609375 0.06328125
0 0.9046875 0.3859375 0.05703125 0.10703125
0 0.92734375 0.28203125 0.0375 0.07421875
0 0.96484375 0.50234375 0.0703125 0.1046875
0 0.96328125 0.4125 0.04375 0.0828125
0 0.97265625 0.3203125 0.05390625 0.071875
0 0.9703125 0.240625 0.05703125 0.06953125
0 0.77578125 0.5515625 0.09609375 0.115625
0 0.8203125 0.7484375 0.08046875 0.0765625
0 0.80703125 0.678125 0.06328125 0.028125
0 0.89140625 0.71640625 0.0484375 0.11796875
0 0.8890625 0.6125 0.065625 0.0765625
0 0.96953125 0.60390625 0.0609375 0.06796875
0 0.63046875 0.43984375 0.08515625 0.09375
0 0.5328125 0.39296875 0.065625 0.10078125
0 0.084375 0.43984375 0.08515625 0.0765625
0 0.20859375 0.48203125 0.05859375 0.09375
0 0.25234375 0.54921875 0.08046875 0.05859375
0 0.33828125 0.5453125 0.05234375 0.09375
0 0.33671875 0.45 0.06953125 0.03515625
0 0.41796875 0.5515625 0.06796875 0.0765625
0 0.36796875 0.765625 0.11171875 0.0984375
0 0.40625 0.66640625 0.09140625 0.0484375
0 0.47265625 0.5921875 0.0765625 0.10078125
0 0.4984375 0.54296875 0.05703125 0.08046875
0 0.5328125 0.51015625 0.0875 0.08046875
0 0.6109375 0.61640625 0.05859375 0.109375
0 0.65390625 0.5234375 0.08046875 0.06328125
0 0.653125 0.63046875 0.0484375 0.04609375
0 0.5734375 0.8578125 0.10234375 0.10703125
0 0.6203125 0.74296875 0.0875 0.0609375
0 0.7 0.6796875 0.04609375 0.065625
0 0.75 0.67421875 0.04609375 0.06796875
0 0.9578125 0.72109375 0.0546875 0.065625
0 0.77421875 0.81484375 0.10234375 0.09140625
0 0.615625 0.9640625 0.07890625 0.071875
0 0.6890625 0.91328125 0.1203125 0.05703125
0 0.671875 0.83046875 0.10703125 0.065625
0 0.56171875 0.76484375 0.10078125 0.1046875
0 0.45546875 0.77890625 0.11171875 0.15546875
0 0.23671875 0.66484375 0.10703125 0.09375
0 0.13359375 0.9796875 0.0609375 0.01953125
0 0.1703125 0.921875 0.07890625 0.0484375
0 0.14609375 0.83359375 0.05703125 0.04609375
0 0.24375 0.746875 0.0765625 0.0609375
0 0.2890625 0.68046875 0.06796875 0.08984375
0 0.1640625 0.66484375 0.1046875 0.08515625
0 0.0765625 0.6171875 0.0828125 0.071875
0 0.0796875 0.74921875 0.0984375 0.0875
0 0.0609375 0.84765625 0.10078125 0.07421875
0 0.265625 0.959375 0.09375 0.06953125
0 0.4 0.94140625 0.11328125 0.07890625
0 0.3125 0.86640625 0.0875 0.0765625
0 0.5125 0.946875 0.0984375 0.05859375
0 0.978125 0.79921875 0.04296875 0.06953125
0 0.203125 0.8671875 0.06953125 0.0390625