0 0.33359375 0.48984375 0.1984375 0.109375
0 0.54140625 0.5296875 0.17265625 0.0921875
0 0.75546875 0.55390625 0.09921875 0.18828125
0 0.85234375 0.68046875 0.0796875 0.203125
0 0.928125 0.75390625 0.0640625 0.1734375
0 0.83046875 0.90703125 0.13125 0.16796875
0 0.68984375 0.91796875 0.096875 0.153125
0 0.7140625 0.72421875 0.08984375 0.2
0 0.3953125 0.7890625 0.096875 0.21953125
0 0.209375 0.70859375 0.10390625 0.24921875
0 0.3046875 0.92109375 0.20078125 0.13046875
0 0.07265625 0.92890625 0.1453125 0.1421875
0 0.0671875 0.35703125 0.134375 0.14609375
0 0.13671875 0.2125 0.115625 0.2328125
0 0.25546875 0.34765625 0.15625 0.12890625
0 0.44375 0.27734375 0.20234375 0.15859375
0 0.471875 0.07734375 0.21171875 0.1328125
0 0.8625 0.13046875 0.1234375 0.24375
0 0.87109375 0.3375 0.0703125 0.25234375
0 0.9484375 0.44453125 0.09296875 0.19609375
0 0.675 0.27890625 0.23203125 0.12578125
0 0.740625 0.37890625 0.15390625 0.165625
0 0.5984375 0.0765625 0.13046875 0.15234375
0 0.18125 0.05 0.159375 0.1