0 0.0296875 0.06015625 0.059375 0.10859375
0 0.1546875 0.0578125 0.06796875 0.115625
0 0.20078125 0.11953125 0.09453125 0.128125
0 0.2734375 0.04453125 0.0578125 0.0890625
0 0.346875 0.16640625 0.096875 0.1453125
0 0.340625 0.06640625 0.0953125 0.115625
0 0.4328125 0.071875 0.09296875 0.14375
0 0.4890625 0.14921875 0.075 0.16015625
0 0.51328125 0.02890625 0.04296875 0.05703125
0 0.55234375 0.1421875 0.0546875 0.146875
0 0.58984375 0.03125 0.09609375 0.0625
0 0.6125 0.15 0.08046875 0.14609375
0 0.69140625 0.18125 0.07578125 0.12734375
0 0.74921875 0.22109375 0.05390625 0.13984375
0 0.8109375 0.2078125 0.0453125 0.13046875
0 0.90390625 0.1828125 0.103125 0.128125
0 0.90390625 0.3703125 0.12265625 0.1046875
0 0.92109375 0.28515625 0.109375 0.09765625
0 0.62109375 0.96015625 0.16328125 0.06328125
0 0.9484375 0.9671875 0.103125 0.0625
0 0.91171875 0.86484375 0.05859375 0.11796875
0 0.97578125 0.865625 0.0484375 0.12890625
0 0.87265625 0.75859375 0.053125 0.1390625
0 0.93359375 0.67734375 0.08046875 0.12734375
0 0.9515625 0.60859375 0.096875 0.11640625
0 0.79765625 0.66484375 0.06640625 0.1125
0 0.82109375 0.57578125 0.109375 0.0640625
0 0.84921875 0.53125 0.09921875 0.0890625
0 0.9203125 0.4890625 0.0546875 0.128125
0 0.79765625 0.44296875 0.11640625 0.06640625
0 0.83984375 0.40859375 0.07109375 0.09375
0 0.73203125 0.39140625 0.08984375 0.13671875
0 0.6703125 0.3796875 0.09609375 0.12265625
0 0.515625 0.3328125 0.071875 0.17265625
0 0.56015625 0.371875 0.11640625 0.10703125
0 0.59765625 0.50234375 0.07734375 0.1375
0 0.51015625 0.48828125 0.0859375 0.12578125
0 0.66640625 0.578125 0.075 0.13984375
0 0.73046875 0.6171875 0.06953125 0.1203125
0 0.77421875 0.8328125 0.0640625 0.1
0 0.79140625 0.7453125 0.103125 0.0828125
0 0.6296875 0.89375 0.13203125 0.07890625
0 0.55859375 0.8546875 0.134375 0.10078125
0 0.4984375 0.82109375 0.11484375 0.10625
0 0.4375 0.93203125 0.071875 0.07421875
0 0.30625 0.9703125 0.1234375 0.05859375
0 0.3640625 0.45234375 0.12890625 0.12578125
0 0.42421875 0.56015625 0.071875 0.1359375
0 0.49375 0.6375 0.0703125 0.128125
0 0.55078125 0.72265625 0.10859375 0.096875
0 0.621875 0.6375 0.11953125 0.0875
0 0.61796875 0.746875 0.06484375 0.1390625
0 0.696875 0.75546875 0.05859375 0.1390625
0 0.33046875 0.821875 0.08515625 0.1453125
0 0.43359375 0.78046875 0.08046875 0.08671875
0 0.4046875 0.6859375 0.09921875 0.14453125
0 0.2921875 0.7234375 0.09140625 0.13203125
0 0.1796875 0.81171875 0.109375 0.12734375
0 0.059375 0.93828125 0.09140625 0.1234375
0 0.17578125 0.965625 0.07109375 0.06875
0 0.0984375 0.7859375 0.084375 0.13671875
0 0.06171875 0.71640625 0.1015625 0.14140625
0 0.03515625 0.5890625 0.06953125 0.140625
0 0.17109375 0.58125 0.13359375 0.10859375
0 0.184375 0.67734375 0.13359375 0.10078125
0 0.2984375 0.58671875 0.12734375 0.13203125
0 0.13359375 0.48515625 0.1265625 0.0984375
0 0.23515625 0.33359375 0.07109375 0.14140625
0 0.31640625 0.31953125 0.05703125 0.13359375
0 0.4328125 0.32109375 0.07890625 0.15703125
0 0.39609375 0.24296875 0.09140625 0.14140625
0 0.21171875 0.2453125 0.11875 0.1421875
0 0.1140625 0.35390625 0.0703125 0.1625
0 0.03046875 0.353125 0.06015625 0.1640625
0 0.0453125 0.19296875 0.08671875 0.07734375
0 0.10078125 0.17109375 0.0734375 0.12734375