0 0.68203125 0.6359375 0.41796875 0.2390625
0 0.23046875 0.1328125 0.2390625 0.14765625
0 0.5359375 0.059375 0.3359375 0.11875
0 0.3984375 0.2109375 0.1640625 0.240625
0 0.4234375 0.37890625 0.28515625 0.18828125
0 0.42421875 0.4375 0.15859375 0.36640625
0 0.428125 0.3890625 0.15390625 0.29296875
0 0.66875 0.29765625 0.3375 0.1765625
0 0.71484375 0.184375 0.35 0.12109375
0 0.16484375 0.3484375 0.2984375 0.271875
0 0.03359375 0.2125 0.0671875 0.09375
0 0.05703125 0.34921875 0.1140625 0.1328125
0 0.17578125 0.5609375 0.34453125 0.184375
0 0.7921875 0.4 0.4140625 0.21171875
0 0.3125 0.82109375 0.45703125 0.184375
0 0.8890625 0.7515625 0.221875 0.415625
0 0.05234375 0.81484375 0.1046875 0.3671875