0 0.3625 0.76796875 0.0375 0.053125
0 0.425 0.71328125 0.0328125 0.0546875
0 0.2859375 0.584375 0.03125 0.0421875
0 0.459375 0.52421875 0.0484375 0.04609375
0 0.2984375 0.44609375 0.0484375 0.05859375
0 0.6171875 0.51796875 0.05625 0.03125
0 0.59140625 0.75390625 0.04609375 0.0578125
0 0.63984375 0.8484375 0.0484375 0.0453125
0 0.640625 0.79765625 0.040625 0.05
0 0.67734375 0.88984375 0.0296875 0.06953125
0 0.69296875 0.7890625 0.0453125 0.0671875
0 0.6875 0.9625 0.03046875 0.04609375
0 0.5109375 0.97890625 0.0484375 0.0421875
0 0.1875 0.9453125 0.053125 0.02890625
0 0.24140625 0.8359375 0.06015625 0.03515625
0 0.0421875 0.86953125 0.02890625 0.04375
0 0.0765625 0.8671875 0.04453125 0.0484375
0 0.1359375 0.82890625 0.02578125 0.0546875
0 0.97421875 0.521875 0.0296875 0.040625
0 0.6140625 0.37578125 0.03359375 0.065625