0 0.6109375 0.26640625 0.10390625 0.27421875
0 0.23828125 0.25859375 0.10078125 0.2421875
0 0.33671875 0.43359375 0.25078125 0.14921875
0 0.45078125 0.47890625 0.2390625 0.1484375
0 0.08515625 0.7234375 0.10234375 0.26953125
0 0.06171875 0.4046875 0.1234375 0.21015625
0 0.05234375 0.1875 0.10390625 0.21015625
0 0.1171875 0.109375 0.121875 0.21875
0 0.2359375 0.07109375 0.12421875 0.1421875
0 0.43984375 0.08046875 0.09609375 0.159375
0 0.3640625 0.20078125 0.125 0.215625
0 0.5703125 0.046875 0.07578125 0.09375
0 0.76015625 0.04296875 0.10859375 0.0859375
0 0.73125 0.2921875 0.1359375 0.215625
0 0.8078125 0.428125 0.08046875 0.23046875
0 0.51171875 0.73828125 0.128125 0.26953125
0 0.3484375 0.6953125 0.11875 0.2421875
0 0.1859375 0.60390625 0.146875 0.2640625
0 0.46328125 0.92421875 0.1671875 0.1515625
0 0.26796875 0.9234375 0.1890625 0.153125
0 0.05234375 0.91484375 0.10390625 0.1625
0 0.6828125 0.89140625 0.09765625 0.2171875
0 0.85078125 0.84609375 0.09375 0.26015625
0 0.96328125 0.70703125 0.0734375 0.2953125
0 0.57421875 0.54296875 0.10234375 0.1015625
0 0.93203125 0.40703125 0.13515625 0.21953125
0 0.95078125 0.140625 0.0984375 0.18515625