0 0.109375 0.9109375 0.11015625 0.14765625
0 0.01875 0.94453125 0.03671875 0.11015625
0 0.21640625 0.9140625 0.06875 0.12734375
0 0.41796875 0.95390625 0.14375 0.071875
0 0.31484375 0.96875 0.0640625 0.06171875
0 0.4203125 0.85078125 0.115625 0.13515625
0 0.24453125 0.83359375 0.1171875 0.125
0 0.253125 0.74765625 0.103125 0.13046875
0 0.0671875 0.7390625 0.134375 0.07734375
0 0.08515625 0.65703125 0.12265625 0.1296875
0 0.17109375 0.52421875 0.0734375 0.1609375
0 0.09375 0.5203125 0.075 0.14765625
0 0.0234375 0.515625 0.046875 0.10234375
0 0.03046875 0.42265625 0.06015625 0.15234375
0 0.12578125 0.39140625 0.07734375 0.14375
0 0.0421875 0.2515625 0.06640625 0.16484375
0 0.12421875 0.25078125 0.07734375 0.1359375
0 0.171875 0.2140625 0.0828125 0.13671875
0 0.2671875 0.2734375 0.08515625 0.13828125
0 0.25234375 0.3921875 0.08515625 0.15546875
0 0.24609375 0.55703125 0.07734375 0.146875
0 0.28828125 0.6671875 0.05390625 0.1234375
0 0.3484375 0.6421875 0.053125 0.12421875
0 0.41796875 0.6640625 0.0484375 0.1609375
0 0.52578125 0.63125 0.084375 0.125
0 0.49375 0.59765625 0.05078125 0.09296875
0 0.4421875 0.53984375 0.0640625 0.12578125
0 0.3703125 0.465625 0.1046875 0.10078125
0 0.33984375 0.53046875 0.1109375 0.0796875
0 0.5328125 0.825 0.06796875 0.11953125
0 0.48203125 0.76015625 0.10703125 0.071875
0 0.5875 0.6375 0.04375 0.14140625
0 0.60703125 0.78359375 0.053125 0.10234375
0 0.609375 0.915625 0.06015625 0.13125
0 0.70234375 0.88828125 0.09375 0.08046875
0 0.9203125 0.96171875 0.065625 0.06640625
0 0.778125 0.8578125 0.053125 0.078125
0 0.7046875 0.79453125 0.046875 0.1203125
0 0.85078125 0.94609375 0.0546875 0.05859375
0 0.86796875 0.88203125 0.08046875 0.05
0 0.940625 0.8453125 0.05 0.109375
0 0.85234375 0.80546875 0.03203125 0.09453125
0 0.9109375 0.7203125 0.0625 0.0828125
0 0.79765625 0.68359375 0.0640625 0.0578125
0 0.76875 0.76484375 0.04375 0.1046875
0 0.69921875 0.7109375 0.046875 0.07421875
0 0.64921875 0.65625 0.06171875 0.1046875
0 0.72578125 0.60625 0.0796875 0.0609375
0 0.7796875 0.6359375 0.096875 0.0375
0 0.840625 0.675 0.05078125 0.05625
0 0.965625 0.67421875 0.04375 0.084375
0 0.853125 0.57421875 0.05859375 0.07421875
0 0.9453125 0.54140625 0.0515625 0.08125
0 0.9796875 0.61484375 0.040625 0.0703125
0 0.88515625 0.48671875 0.03671875 0.08359375
0 0.93125 0.43828125 0.0390625 0.109375
0 0.7171875 0.5109375 0.0609375 0.115625
0 0.625 0.5671875 0.05546875 0.0828125
0 0.49609375 0.5109375 0.07421875 0.11015625
0 0.53515625 0.4921875 0.0515625 0.08359375
0 0.5859375 0.46640625 0.075 0.0734375
0 0.61328125 0.4171875 0.059375 0.1171875
0 0.70703125 0.39375 0.07421875 0.12109375
0 0.490625 0.3890625 0.084375 0.10234375
0 0.5359375 0.31328125 0.09609375 0.0734375
0 0.32578125 0.353125 0.0640625 0.11796875
0 0.43515625 0.22734375 0.04765625 0.12578125
0 0.47578125 0.246875 0.0328125 0.13125
0 0.54921875 0.17109375 0.040625 0.1171875
0 0.29453125 0.16015625 0.06875 0.14453125
0 0.37109375 0.11640625 0.05546875 0.1203125
0 0.45234375 0.08828125 0.04453125 0.121875
0 0.178125 0.09375 0.09140625 0.11953125
0 0.2515625 0.04921875 0.0578125 0.0984375
0 0.30390625 0.0390625 0.046875 0.078125
0 0.3953125 0.034375 0.04765625 0.06796875
0 0.5515625 0.08828125 0.13359375 0.046875
0 0.73046875 0.040625 0.0515625 0.08046875
0 0.63828125 0.17109375 0.0421875 0.1078125
0 0.68984375 0.16953125 0.05625 0.109375
0 0.6546875 0.2890625 0.0375 0.1015625
0 0.70859375 0.2234375 0.04296875 0.0921875
0 0.7625 0.12734375 0.059375 0.08828125
0 0.84609375 0.1046875 0.03671875 0.08515625
0 0.9546875 0.0421875 0.05234375 0.0828125
0 0.8953125 0.140625 0.05 0.10546875
0 0.9546875 0.18515625 0.03828125 0.1
0 0.85078125 0.2796875 0.05703125 0.08203125
0 0.8953125 0.24609375 0.06796875 0.09609375
0 0.84453125 0.36875 0.06171875 0.06796875
0 0.77109375 0.34375 0.07265625 0.09765625
0 0.98125 0.315625 0.03671875 0.0828125
0 0.9015625 0.34921875 0.053125 0.09453125
0 0.61953125 0.034375 0.0546875 0.06796875