0 0.115625 0.171875 0.03828125 0.03671875
0 0.125 0.1296875 0.04453125 0.04140625
0 0.1484375 0.2203125 0.034375 0.03828125
0 0.34609375 0.12578125 0.04296875 0.03828125
0 0.01328125 0.3171875 0.0265625 0.05
0 0.10625 0.38984375 0.03984375 0.0484375
0 0.1875 0.56015625 0.0609375 0.0578125
0 0.10703125 0.6484375 0.0875 0.06171875
0 0.58515625 0.54453125 0.02734375 0.04921875
0 0.62890625 0.5796875 0.02734375 0.0375
0 0.65234375 0.62109375 0.01328125 0.05546875
0 0.66953125 0.7125 0.02578125 0.0453125
0 0.6140625 0.465625 0.02578125 0.0359375
0 0.66015625 0.45390625 0.028125 0.05390625
0 0.32578125 0.9359375 0.0625 0.0484375