0 0.36484375 0.371875 0.178125 0.11640625
0 0.21875 0.4515625 0.1671875 0.0921875
0 0.484375 0.478125 0.1578125 0.14609375
0 0.67265625 0.44921875 0.196875 0.0953125
0 0.29375 0.58828125 0.21171875 0.0734375
0 0.24453125 0.7140625 0.159375 0.084375
0 0.32109375 0.8390625 0.17265625 0.10546875
0 0.7609375 0.74765625 0.2609375 0.0921875
0 0.06015625 0.565625 0.11640625 0.13671875
0 0.06640625 0.72734375 0.1328125 0.0984375
0 0.065625 0.83671875 0.13125 0.05625
0 0.12578125 0.959375 0.1578125 0.08046875
0 0.8234375 0.85390625 0.16875 0.0671875
0 0.67734375 0.88359375 0.075 0.0640625
0 0.60234375 0.878125 0.09765625 0.05234375
0 0.51328125 0.88359375 0.08828125 0.06015625
0 0.41953125 0.903125 0.084375 0.0578125
0 0.66640625 0.9734375 0.1203125 0.04453125
0 0.81328125 0.9484375 0.0546875 0.04296875
0 0.85625 0.4984375 0.11484375 0.06171875