0 0.01796875 0.07734375 0.0359375 0.11953125
0 0.06796875 0.0828125 0.04921875 0.10390625
0 0.0609375 0.02265625 0.04375 0.0453125
0 0.1140625 0.01796875 0.0359375 0.0359375
0 0.15234375 0.06796875 0.05078125 0.11328125
0 0.134375 0.13125 0.0515625 0.09765625
0 0.190625 0.0453125 0.0625 0.0890625
0 0.228125 0.0328125 0.0546875 0.06484375
0 0.2640625 0.01875 0.0484375 0.0375
0 0.27109375 0.0984375 0.103125 0.1078125
0 0.29921875 0.17265625 0.05703125 0.10859375
0 0.2265625 0.20234375 0.07109375 0.08515625
0 0.1703125 0.209375 0.0546875 0.103125
0 0.09453125 0.19453125 0.07578125 0.0828125
0 0.04296875 0.19140625 0.05625 0.0921875
0 0.3296875 0.02734375 0.0703125 0.0546875
0 0.39140625 0.0359375 0.04140625 0.07109375
0 0.4328125 0.03359375 0.0375 0.06015625
0 0.40234375 0.14921875 0.08359375 0.11953125
0 0.45546875 0.159375 0.0609375 0.11328125
0 0.3421875 0.08671875 0.03828125 0.0421875
0 0.2859375 0.06640625 0.0796875 0.07265625
0 0.49453125 0.04765625 0.08671875 0.0953125
0 0.5234375 0.12265625 0.06875 0.10546875
0 0.590625 0.1265625 0.0625 0.1109375
0 0.56328125 0.046875 0.0890625 0.09375
0 0.63359375 0.0125 0.03984375 0.025
0 0.70390625 0.034375 0.10703125 0.06875
0 0.66484375 0.06953125 0.078125 0.084375
0 0.7125 0.10234375 0.090625 0.10625
0 0.815625 0.04375 0.065625 0.0875
0 0.88828125 0.0578125 0.08671875 0.0875
0 0.8703125 0.021875 0.04375 0.04375
0 0.91875 0.025 0.05 0.05
0 0.96640625 0.0640625 0.0671875 0.128125
0 0.934375 0.08515625 0.05703125 0.071875
0 0.8625 0.10859375 0.09765625 0.10234375
0 0.81015625 0.12265625 0.1171875 0.084375
0 0.83203125 0.19453125 0.09921875 0.10546875
0 0.8578125 0.21796875 0.11015625 0.1015625
0 0.9671875 0.18828125 0.065625 0.1421875
0 0.92109375 0.30546875 0.065625 0.1234375
0 0.97578125 0.28203125 0.0484375 0.12734375
0 0.878125 0.29609375 0.07734375 0.11640625
0 0.81171875 0.33203125 0.07421875 0.13203125
0 0.7578125 0.2984375 0.05625 0.10546875
0 0.7390625 0.2046875 0.09765625 0.10859375
0 0.646875 0.20546875 0.09375 0.11015625
0 0.671875 0.28359375 0.1046875 0.09140625
0 0.696875 0.33984375 0.0671875 0.08828125
0 0.8984375 0.39453125 0.1171875 0.05
0 0.96875 0.38125 0.0625 0.05
0 0.85859375 0.4515625 0.1078125 0.0765625
0 0.92890625 0.43671875 0.03984375 0.0390625
0 0.84453125 0.50546875 0.0625 0.11015625
0 0.92109375 0.59921875 0.0671875 0.12578125
0 0.8375 0.61484375 0.07890625 0.11484375
0 0.8859375 0.71328125 0.059375 0.12578125
0 0.93828125 0.815625 0.0609375 0.12421875
0 0.9640625 0.63125 0.07109375 0.06328125
0 0.96875 0.684375 0.0625 0.05078125
0 0.98515625 0.73828125 0.02890625 0.08984375
0 0.934375 0.7421875 0.04140625 0.04609375
0 0.98203125 0.80390625 0.0359375 0.07890625
0 0.9578125 0.9125 0.06484375 0.1109375
0 0.9734375 0.89375 0.05234375 0.1078125
0 0.88125 0.8921875 0.05703125 0.13359375
0 0.7859375 0.86796875 0.1203125 0.05625
0 0.803125 0.7875 0.065625 0.10390625
0 0.84765625 0.83828125 0.08046875 0.08515625
0 0.73125 0.7703125 0.08125 0.07421875
0 0.7734375 0.7078125 0.125 0.0546875
0 0.59375 0.87734375 0.128125 0.078125
0 0.47890625 0.86015625 0.0734375 0.12421875
0 0.46640625 0.765625 0.065625 0.07734375
0 0.40390625 0.79765625 0.06875 0.08125
0 0.65703125 0.75546875 0.07734375 0.08046875
0 0.63828125 0.69140625 0.1046875 0.0515625
0 0.55625 0.68359375 0.06171875 0.08515625
0 0.54375 0.746875 0.09921875 0.06015625
0 0.553125 0.778125 0.1015625 0.04609375
0 0.53984375 0.78828125 0.02578125 0.03671875
0 0.59375 0.8 0.0484375 0.059375
0 0.3625 0.6921875 0.0609375 0.10703125
0 0.40625 0.690625 0.05234375 0.109375
0 0.57578125 0.59609375 0.06953125 0.12109375
0 0.653125 0.5953125 0.07890625 0.12421875
0 0.72265625 0.6359375 0.08828125 0.115625
0 0.7875 0.51875 0.0859375 0.0953125
0 0.721875 0.50703125 0.0953125 0.1078125
0 0.7546875 0.446875 0.06640625 0.096875
0 0.69765625 0.44140625 0.08203125 0.10546875
0 0.64375 0.4390625 0.065625 0.14765625
0 0.59375 0.4953125 0.09453125 0.128125
0 0.5734375 0.40546875 0.12734375 0.115625
0 0.57734375 0.340625 0.03671875 0.0390625
0 0.49140625 0.61171875 0.05625 0.05078125
0 0.52890625 0.56796875 0.065625 0.1421875
0 0.47265625 0.53046875 0.05625 0.11171875
0 0.44765625 0.578125 0.075 0.1078125
0 0.4203125 0.57265625 0.065625 0.09765625
0 0.2953125 0.6078125 0.07890625 0.096875
0 0.3984375 0.46328125 0.0828125 0.103125
0 0.32421875 0.515625 0.08984375 0.1109375
0 0.29921875 0.44140625 0.0765625 0.0859375
0 0.3484375 0.3921875 0.11484375 0.1078125
0 0.428125 0.365625 0.0875 0.109375
0 0.4921875 0.36328125 0.0796875 0.11171875
0 0.20625 0.49921875 0.06328125 0.10234375
0 0.21328125 0.59921875 0.06171875 0.08984375
0 0.2421875 0.66640625 0.07578125 0.0546875
0 0.153125 0.58984375 0.05234375 0.0984375
0 0.1015625 0.6265625 0.05625 0.0625
0 0.0484375 0.6328125 0.0765625 0.0484375
0 0.12890625 0.47734375 0.0875 0.09765625
0 0.04375 0.46640625 0.0703125 0.11640625
0 0.0453125 0.384375 0.090625 0.09140625
0 0.1234375 0.37578125 0.06484375 0.0546875
0 0.22578125 0.3921875 0.0984375 0.0546875
0 0.19296875 0.34921875 0.06875 0.1015625
0 0.17578125 0.29296875 0.03984375 0.05703125
0 0.2578125 0.265625 0.06953125 0.09453125
0 0.06171875 0.28828125 0.05390625 0.0984375
0 0.0171875 0.296875 0.03359375 0.08359375
0 0.321875 0.25703125 0.10078125 0.05234375
0 0.3671875 0.29765625 0.11328125 0.04921875
0 0.43671875 0.25390625 0.1046875 0.10703125
0 0.59375 0.25625 0.11875 0.0765625