0 0.28125 0.5765625 0.04296875 0.0578125
0 0.33828125 0.56875 0.046875 0.05078125
0 0.390625 0.634375 0.0328125 0.07421875
0 0.21953125 0.50546875 0.03671875 0.05078125
0 0.09921875 0.70625 0.04296875 0.03984375
0 0.16484375 0.6828125 0.034375 0.05234375
0 0.18203125 0.7796875 0.04921875 0.05234375
0 0.30390625 0.8078125 0.06796875 0.04609375
0 0.43984375 0.87578125 0.05078125 0.06328125
0 0.509375 0.86640625 0.06171875 0.04375
0 0.57421875 0.7890625 0.0390625 0.06015625
0 0.55234375 0.7234375 0.0625 0.0359375
0 0.5671875 0.67109375 0.034375 0.04609375
0 0.63359375 0.76171875 0.02890625 0.059375
0 0.70625 0.7765625 0.0734375 0.04296875
0 0.8171875 0.76640625 0.0484375 0.05859375
0 0.853125 0.565625 0.0640625 0.046875
0 0.76015625 0.4265625 0.06171875 0.03984375
0 0.71171875 0.29609375 0.034375 0.03359375
0 0.50234375 0.55546875 0.04453125 0.04296875
0 0.45 0.459375 0.04375 0.04140625
0 0.59765625 0.53828125 0.0421875 0.04296875
0 0.62265625 0.5796875 0.03984375 0.0484375
0 0.13359375 0.2140625 0.03125 0.03125
0 0.209375 0.2015625 0.02421875 0.03984375
0 0.034375 0.834375 0.053125 0.03671875
0 0.07890625 0.88203125 0.046875 0.03125
0 0.6125 0.91015625 0.053125 0.04296875