0 0.371875 0.64609375 0.06640625 0.0578125
0 0.35234375 0.5828125 0.04921875 0.0640625
0 0.371875 0.50703125 0.0734375 0.0703125
0 0.16328125 0.5984375 0.071875 0.065625
0 0.22421875 0.6578125 0.06640625 0.0515625
0 0.14609375 0.44453125 0.03984375 0.0625
0 0.3984375 0.196875 0.0515625 0.06875
0 0.4484375 0.4390625 0.05703125 0.06953125
0 0.4421875 0.528125 0.04453125 0.0703125
0 0.425 0.390625 0.06015625 0.05546875
0 0.5484375 0.46953125 0.0796875 0.05234375
0 0.50703125 0.56484375 0.06640625 0.05546875
0 0.45078125 0.72421875 0.06484375 0.06640625
0 0.45546875 0.64921875 0.06796875 0.0640625
0 0.38984375 0.73515625 0.05703125 0.065625
0 0.5328125 0.81171875 0.06796875 0.07421875
0 0.44140625 0.76484375 0.0609375 0.06171875