0 0.05078125 0.125 0.06171875 0.140625
0 0.17109375 0.08359375 0.096875 0.1140625
0 0.16015625 0.2515625 0.1359375 0.0375
0 0.05234375 0.30390625 0.075 0.07265625
0 0.30390625 0.17578125 0.103125 0.0703125
0 0.390625 0.10390625 0.096875 0.103125
0 0.490625 0.1 0.0765625 0.13359375
0 0.578125 0.04140625 0.04609375 0.0484375
0 0.61640625 0.13203125 0.0484375 0.0921875
0 0.6375 0.034375 0.02421875 0.05078125
0 0.69375 0.13046875 0.0703125 0.0859375
0 0.6859375 0.04921875 0.0328125 0.04609375
0 0.7546875 0.03828125 0.05234375 0.04140625
0 0.74609375 0.1890625 0.03984375 0.075
0 0.81015625 0.1 0.08359375 0.04140625
0 0.88125 0.03203125 0.04140625 0.04140625
0 0.42890625 0.2203125 0.059375 0.08984375
0 0.3609375 0.35 0.1296875 0.06796875
0 0.309375 0.465625 0.05703125 0.0921875
0 0.4140625 0.365625 0.0328125 0.08984375
0 0.478125 0.2828125 0.075 0.10078125
0 0.3578125 0.496875 0.06171875 0.11171875
0 0.45625 0.37421875 0.05703125 0.059375
0 0.54296875 0.35546875 0.08125 0.096875
0 0.6046875 0.2796875 0.05078125 0.06328125
0 0.5640625 0.21953125 0.08359375 0.0484375
0 0.67265625 0.303125 0.08125 0.07890625
0 0.7421875 0.265625 0.0703125 0.06171875
0 0.83984375 0.19296875 0.059375 0.0875
0 0.8078125 0.30390625 0.075 0.06796875
0 0.88984375 0.30625 0.04609375 0.07265625
0 0.9171875 0.25 0.075 0.04375
0 0.971875 0.203125 0.05625 0.059375
0 0.97734375 0.1328125 0.0453125 0.12109375
0 0.96015625 0.03828125 0.0546875 0.04609375
0 0.428125 0.49609375 0.05703125 0.10078125
0 0.4375 0.50390625 0.0765625 0.125
0 0.23828125 0.5203125 0.0859375 0.1359375
0 0.23046875 0.409375 0.15390625 0.0375
0 0.1484375 0.43125 0.0859375 0.1296875
0 0.5375 0.45 0.13203125 0.0703125
0 0.59609375 0.48828125 0.08125 0.06796875
0 0.6234375 0.41171875 0.08359375 0.08984375
0 0.69609375 0.4453125 0.065625 0.07890625
0 0.77734375 0.45234375 0.075 0.109375
0 0.84609375 0.39140625 0.059375 0.0765625
0 0.78046875 0.671875 0.14296875 0.075
0 0.80078125 0.609375 0.06171875 0.0859375
0 0.8546875 0.56484375 0.059375 0.1078125
0 0.8921875 0.4578125 0.059375 0.1078125
0 0.94453125 0.42265625 0.015625 0.06796875
0 0.959375 0.34375 0.07890625 0.06796875
0 0.4171875 0.85390625 0.096875 0.0484375
0 0.4671875 0.80546875 0.096875 0.0703125
0 0.38828125 0.74921875 0.06171875 0.103125
0 0.49140625 0.75390625 0.08359375 0.06328125
0 0.5375 0.71640625 0.065625 0.09453125
0 0.59921875 0.67734375 0.06171875 0.11171875
0 0.690625 0.59140625 0.04609375 0.059375
0 0.53125 0.6125 0.075 0.0703125
0 0.6078125 0.56875 0.0265625 0.0484375
0 0.734375 0.56875 0.0546875 0.08359375
0 0.6640625 0.53203125 0.0328125 0.04140625
0 0.428125 0.9671875 0.0703125 0.06484375
0 0.49140625 0.95078125 0.05703125 0.09765625
0 0.309375 0.9515625 0.0921875 0.059375
0 0.14609375 0.96640625 0.1078125 0.0671875
0 0.0625 0.86015625 0.0765625 0.1140625
0 0.1515625 0.86328125 0.05703125 0.05078125
0 0.23515625 0.86484375 0.08359375 0.0703125
0 0.17265625 0.79453125 0.1078125 0.05703125
0 0.24921875 0.78125 0.059375 0.075
0 0.33046875 0.7671875 0.06796875 0.08125
0 0.26640625 0.68515625 0.08125 0.11875
0 0.3421875 0.6203125 0.0921875 0.0765625
0 0.11328125 0.69765625 0.14296875 0.10078125
0 0.040625 0.61640625 0.08125 0.1140625
0 0.08984375 0.53984375 0.07890625 0.075
0 0.53359375 0.8984375 0.096875 0.08984375
0 0.571875 0.81875 0.05078125 0.05703125
0 0.6640625 0.8515625 0.0765625 0.096875
0 0.74609375 0.75625 0.0703125 0.0984375
0 0.79375 0.7515625 0.0546875 0.0859375
0 0.84140625 0.75703125 0.06328125 0.08359375
0 0.8953125 0.73984375 0.05703125 0.06171875
0 0.90625 0.6625 0.05234375 0.065625
0 0.93828125 0.534375 0.05078125 0.0546875
0 0.96328125 0.6390625 0.05703125 0.065625