0 0.23046875 0.4421875 0.071875 0.05859375
0 0.0734375 0.46171875 0.06875 0.06328125
0 0.15703125 0.66953125 0.065625 0.05859375
0 0.35390625 0.790625 0.06875 0.046875
0 0.43046875 0.79375 0.0859375 0.0453125
0 0.31796875 0.6890625 0.06484375 0.06171875
0 0.38671875 0.71484375 0.06640625 0.05390625
0 0.371875 0.56640625 0.06015625 0.071875
0 0.36640625 0.4625 0.0578125 0.04296875
0 0.353125 0.390625 0.053125 0.07578125
0 0.36640625 0.221875 0.06015625 0.07890625
0 0.51484375 0.696875 0.06640625 0.065625
0 0.58046875 0.69296875 0.05703125 0.07890625
0 0.45078125 0.75546875 0.00234375 0.01015625
0 0.41015625 0.64140625 0.05625 0.071875
0 0.4484375 0.71328125 0.05390625 0.0625
0 0.478125 0.6328125 0.05546875 0.05234375
0 0.43984375 0.496875 0.05 0.06328125
0 0.446875 0.42265625 0.05703125 0.06171875