0 0.165625 0.0328125 0.075 0.065625
0 0.24609375 0.06171875 0.08984375 0.10859375
0 0.9265625 0.0859375 0.09375 0.140625
0 0.975 0.1015625 0.05 0.165625
0 0.8328125 0.11015625 0.08046875 0.1359375
0 0.871875 0.04140625 0.09140625 0.08203125
0 0.7703125 0.0671875 0.0953125 0.134375
0 0.64609375 0.1 0.0671875 0.14765625
0 0.575 0.0796875 0.0765625 0.159375
0 0.30546875 0.12578125 0.0546875 0.15
0 0.36875 0.109375 0.05078125 0.14375
0 0.421875 0.0921875 0.05078125 0.14609375
0 0.48671875 0.10546875 0.04921875 0.14296875
0 0.378125 0.20703125 0.11328125 0.07578125
0 0.22578125 0.18203125 0.05859375 0.14609375
0 0.27265625 0.23828125 0.04453125 0.13125
0 0.8765625 0.95078125 0.07421875 0.0984375
0 0.63046875 0.95859375 0.1078125 0.0828125
0 0.6625 0.9 0.0875 0.10703125
0 0.7546875 0.9046875 0.071875 0.11953125
0 0.49296875 0.97421875 0.09765625 0.0515625
0 0.459375 0.93984375 0.08046875 0.07421875
0 0.5578125 0.9484375 0.05859375 0.084375
0 0.55078125 0.8921875 0.10078125 0.0484375
0 0.59765625 0.84453125 0.05703125 0.1375
0 0.665625 0.76953125 0.05234375 0.12421875
0 0.778125 0.7515625 0.10546875 0.06875
0 0.82890625 0.79921875 0.10625 0.08046875
0 0.93046875 0.77734375 0.1046875 0.10390625
0 0.928125 0.86328125 0.14375 0.07109375
0 0.94609375 0.93828125 0.10703125 0.0765625
0 0.965625 0.74296875 0.06875 0.1484375
0 0.89765625 0.7078125 0.09609375 0.1234375
0 0.84609375 0.66015625 0.0875 0.12578125
0 0.74609375 0.6703125 0.1234375 0.146875
0 0.640625 0.64296875 0.10390625 0.13203125
0 0.60234375 0.7515625 0.13828125 0.0890625
0 0.47421875 0.8453125 0.07421875 0.11171875
0 0.51484375 0.7640625 0.08359375 0.1296875
0 0.340625 0.825 0.06875 0.10234375
0 0.39765625 0.7875 0.08203125 0.115625
0 0.4203125 0.88203125 0.0515625 0.121875
0 0.2609375 0.94609375 0.06328125 0.10703125
0 0.3125 0.93203125 0.07578125 0.13515625
0 0.34375 0.9421875 0.078125 0.115625
0 0.3859375 0.95625 0.1015625 0.08671875
0 0.196875 0.94296875 0.09140625 0.1140625
0 0.1421875 0.953125 0.09609375 0.09375
0 0.015625 0.965625 0.03125 0.06875
0 0.0734375 0.92734375 0.08203125 0.0921875
0 0.05703125 0.98359375 0.0703125 0.0328125
0 0.02109375 0.84140625 0.04140625 0.11171875
0 0.07109375 0.80078125 0.0671875 0.10234375
0 0.0109375 0.75234375 0.021875 0.0515625
0 0.05234375 0.70234375 0.05390625 0.10703125
0 0.11953125 0.72421875 0.05 0.13046875
0 0.12890625 0.8328125 0.07578125 0.1
0 0.21015625 0.85078125 0.0515625 0.09296875
0 0.26875 0.8484375 0.0953125 0.08203125
0 0.26640625 0.77109375 0.05703125 0.10390625
0 0.15859375 0.74140625 0.0484375 0.12109375
0 0.23203125 0.73515625 0.06796875 0.0953125
0 0.11796875 0.63515625 0.075 0.10859375
0 0.1578125 0.57265625 0.05625 0.11875
0 0.0859375 0.5453125 0.06640625 0.103125
0 0.02734375 0.496875 0.05390625 0.0734375
0 0.021875 0.44140625 0.04375 0.11015625
0 0.3078125 0.653125 0.059375 0.10546875
0 0.359375 0.58203125 0.07578125 0.1125
0 0.3296875 0.7359375 0.0578125 0.103125
0 0.5390625 0.66484375 0.075 0.115625
0 0.46953125 0.70625 0.0890625 0.12421875
0 0.39375 0.66484375 0.08046875 0.125
0 0.27109375 0.5984375 0.09296875 0.09765625
0 0.1890625 0.6453125 0.07578125 0.10703125
0 0.43125 0.5328125 0.10390625 0.13515625
0 0.48046875 0.5796875 0.08203125 0.10703125
0 0.56171875 0.57890625 0.0609375 0.1140625
0 0.9125 0.48203125 0.08125 0.11875
0 0.86171875 0.55859375 0.071875 0.11484375
0 0.92265625 0.5890625 0.06484375 0.115625
0 0.965625 0.6359375 0.06875 0.12421875
0 0.5265625 0.409375 0.11953125 0.08046875
0 0.665625 0.48203125 0.109375 0.1203125
0 0.63828125 0.55703125 0.10234375 0.13125
0 0.76171875 0.5296875 0.075 0.128125
0 0.83046875 0.4578125 0.08671875 0.11796875
0 0.87421875 0.3484375 0.1171875 0.10390625
0 0.93203125 0.34609375 0.09140625 0.1203125
0 0.984375 0.36640625 0.03125 0.1296875
0 0.9671875 0.45625 0.065625 0.10625
0 0.2078125 0.52734375 0.0546875 0.12890625
0 0.25859375 0.48046875 0.059375 0.10234375
0 0.315625 0.4921875 0.065625 0.11875
0 0.36953125 0.4484375 0.0515625 0.140625
0 0.41953125 0.3625 0.071875 0.14296875
0 0.4546875 0.3 0.08984375 0.1421875
0 0.52890625 0.2515625 0.12109375 0.0765625
0 0.4828125 0.20625 0.071875 0.06328125
0 0.590625 0.3234375 0.11328125 0.14765625
0 0.17109375 0.45234375 0.08203125 0.13984375
0 0.11640625 0.459375 0.05703125 0.11953125
0 0.06484375 0.4046875 0.06640625 0.1484375
0 0.1015625 0.3484375 0.090625 0.10234375
0 0.190625 0.4 0.0953125 0.1390625
0 0.26875 0.36875 0.08203125 0.128125
0 0.33125 0.3328125 0.09921875 0.13125
0 0.1046875 0.296875 0.12421875 0.08515625
0 0.1 0.2359375 0.11953125 0.08515625
0 0.10390625 0.1875 0.1140625 0.1125
0 0.17421875 0.20625 0.06796875 0.1375
0 0.2078125 0.29296875 0.0703125 0.109375
0 0.1578125 0.10859375 0.1140625 0.0796875
0 0.69140625 0.19453125 0.12421875 0.103125
0 0.6328125 0.25 0.0921875 0.13203125
0 0.75234375 0.27421875 0.13046875 0.10625
0 0.75234375 0.35859375 0.121875 0.1140625
0 0.75078125 0.4265625 0.0984375 0.09140625
0 0.8234375 0.2015625 0.10546875 0.12109375
0 0.84453125 0.2859375 0.10546875 0.109375
0 0.94453125 0.24609375 0.08203125 0.15859375
0 0.5296875 0.50546875 0.05703125 0.11640625