0 0.53671875 0.30859375 0.2296875 0.08828125
0 0.83359375 0.2828125 0.1015625 0.225
0 0.84140625 0.08828125 0.1046875 0.1765625
0 0.70625 0.17578125 0.12265625 0.171875
0 0.596875 0.08046875 0.090625 0.1609375
0 0.515625 0.14609375 0.1015625 0.1734375
0 0.4359375 0.18828125 0.0890625 0.18203125
0 0.284375 0.240625 0.14375 0.1359375
0 0.2765625 0.06640625 0.06171875 0.13125
0 0.190625 0.0953125 0.07578125 0.16796875
0 0.103125 0.04375 0.0578125 0.0875
0 0.03125 0.27578125 0.0625 0.2015625
0 0.08515625 0.1734375 0.06953125 0.1546875
0 0.14140625 0.29453125 0.08046875 0.153125
0 0.24765625 0.3328125 0.07734375 0.18046875
0 0.35390625 0.3578125 0.071875 0.1625
0 0.45546875 0.45234375 0.08828125 0.184375
0 0.54296875 0.49453125 0.08125 0.16484375
0 0.6578125 0.415625 0.13046875 0.13203125
0 0.7921875 0.4890625 0.0859375 0.184375
0 0.9125 0.59609375 0.175 0.1484375
0 0.95390625 0.41171875 0.0921875 0.20390625
0 0.071875 0.95 0.14375 0.075
0 0.0609375 0.840625 0.121875 0.0625
0 0.14921875 0.7125 0.10390625 0.1828125
0 0.05390625 0.671875 0.09296875 0.15546875
0 0.25390625 0.71640625 0.0859375 0.15234375
0 0.2171875 0.83046875 0.153125 0.09609375
0 0.3578125 0.81015625 0.0953125 0.1453125
0 0.3984375 0.94765625 0.125 0.1046875
0 0.27578125 0.953125 0.1125 0.09375
0 0.5703125 0.8875 0.18671875 0.0953125
0 0.63671875 0.96796875 0.178125 0.06328125
0 0.51796875 0.67265625 0.1328125 0.12421875
0 0.45234375 0.73046875 0.128125 0.11953125
0 0.378125 0.5765625 0.08359375 0.15859375
0 0.30390625 0.52734375 0.0890625 0.1640625
0 0.2078125 0.47421875 0.13359375 0.18125
0 0.09609375 0.5328125 0.1171875 0.17265625
0 0.0703125 0.42734375 0.140625 0.07578125
0 0.86015625 0.6765625 0.121875 0.1828125
0 0.8921875 0.8328125 0.17578125 0.13125
0 0.83203125 0.94375 0.23359375 0.11171875
0 0.69453125 0.78671875 0.221875 0.128125
0 0.72890625 0.64140625 0.11640625 0.171875
0 0.96640625 0.775 0.0671875 0.16875