0 0.2671875 0.06484375 0.07109375 0.12890625
0 0.35625 0.04140625 0.06953125 0.0828125
0 0.5921875 0.090625 0.09765625 0.178125
0 0.66640625 0.0359375 0.1203125 0.071875
0 0.77421875 0.0453125 0.040625 0.090625
0 0.8265625 0.06796875 0.06015625 0.1359375
0 0.8984375 0.07109375 0.1109375 0.1421875
0 0.915625 0.02421875 0.059375 0.0484375
0 0.971875 0.08359375 0.05546875 0.14609375
0 0.94296875 0.17890625 0.1140625 0.07421875
0 0.834375 0.21015625 0.08828125 0.1296875
0 0.7640625 0.25078125 0.04921875 0.15859375
0 0.6953125 0.153125 0.0765625 0.159375
0 0.66015625 0.23828125 0.08125 0.1515625
0 0.5421875 0.21953125 0.1546875 0.0875
0 0.51328125 0.125 0.1140625 0.07421875
0 0.4390625 0.15234375 0.078125 0.18125
0 0.365625 0.18046875 0.08359375 0.1828125
0 0.29765625 0.26328125 0.08671875 0.16875
0 0.2203125 0.23828125 0.10625 0.14140625
0 0.13828125 0.209375 0.10703125 0.221875
0 0.23046875 0.40703125 0.1484375 0.13359375
0 0.30234375 0.38515625 0.109375 0.06015625
0 0.43125 0.41484375 0.1171875 0.13828125
0 0.46171875 0.32421875 0.1375 0.11953125
0 0.56640625 0.325 0.07890625 0.1515625
0 0.63125 0.40390625 0.05390625 0.1546875
0 0.71640625 0.36640625 0.09765625 0.15703125
0 0.81328125 0.33203125 0.1359375 0.134375
0 0.91875 0.390625 0.0421875 0.128125
0 0.96484375 0.27890625 0.0703125 0.10703125
0 0.9828125 0.34609375 0.034375 0.0765625
0 0.68046875 0.49140625 0.07265625 0.1234375
0 0.55546875 0.5953125 0.06328125 0.1265625
0 0.45703125 0.6703125 0.1359375 0.053125
0 0.41796875 0.5984375 0.16640625 0.075
0 0.2921875 0.54921875 0.14375 0.071875
0 0.3234375 0.48125 0.134375 0.071875
0 0.48359375 0.47421875 0.16796875 0.121875
0 0.75 0.4828125 0.09921875 0.1
0 0.890625 0.51015625 0.05546875 0.10625
0 0.96953125 0.46640625 0.0609375 0.1015625
0 0.9546875 0.55703125 0.090625 0.06953125
0 0.8015625 0.571875 0.11875 0.08125
0 0.74375 0.67734375 0.10390625 0.0796875
0 0.8 0.75234375 0.07421875 0.08203125
0 0.64765625 0.7421875 0.1046875 0.06015625
0 0.64296875 0.63125 0.12578125 0.06171875
0 0.44375 0.76171875 0.0765625 0.13359375
0 0.571875 0.8546875 0.0453125 0.12265625
0 0.6484375 0.8265625 0.0625 0.125
0 0.7109375 0.82109375 0.05078125 0.0921875
0 0.771875 0.8578125 0.09453125 0.0640625
0 0.9796875 0.74765625 0.040625 0.11171875