0 0.1625 0.1421875 0.059375 0.11796875
0 0.2625 0.121875 0.0828125 0.1015625
0 0.35 0.09609375 0.0796875 0.04296875
0 0.3421875 0.18984375 0.0859375 0.0515625
0 0.2171875 0.2484375 0.07265625 0.075
0 0.25234375 0.3921875 0.10625 0.075
0 0.23515625 0.3078125 0.13125 0.03125
0 0.16640625 0.25859375 0.128125 0.0328125
0 0.11875 0.43046875 0.08125 0.11484375
0 0.18515625 0.45234375 0.09765625 0.078125
0 0.0546875 0.36796875 0.109375 0.06328125
0 0.28515625 0.525 0.059375 0.1078125
0 0.26640625 0.46875 0.06484375 0.12421875
0 0.32265625 0.465625 0.078125 0.084375
0 0.334375 0.37265625 0.08828125 0.09140625
0 0.446875 0.37734375 0.08828125 0.08828125
0 0.36328125 0.303125 0.09296875 0.1109375
0 0.41484375 0.26953125 0.0796875 0.1046875
0 0.4875 0.2609375 0.07265625 0.12109375
0 0.45078125 0.14453125 0.08125 0.12265625
0 0.53046875 0.12890625 0.04453125 0.134375
0 0.415625 0.04375 0.11484375 0.08125
0 0.58359375 0.1296875 0.06171875 0.11953125
0 0.678125 0.16484375 0.078125 0.09140625
0 0.65625 0.09375 0.03515625 0.11796875
0 0.7359375 0.07421875 0.0546875 0.12421875
0 0.815625 0.12109375 0.0546875 0.10625
0 0.8765625 0.07734375 0.06171875 0.1015625
0 0.590625 0.3625 0.04296875 0.1546875
0 0.65625 0.2765625 0.06171875 0.084375
0 0.72890625 0.24453125 0.0578125 0.09765625
0 0.8 0.29453125 0.04609375 0.09765625
0 0.83125 0.21953125 0.04609375 0.09453125
0 0.86640625 0.35 0.0234375 0.14296875
0 0.9609375 0.296875 0.05625 0.0796875
0 0.96015625 0.22578125 0.07890625 0.05625
0 0.54609375 0.340625 0.053125 0.13125
0 0.6484375 0.3875 0.05 0.1078125
0 0.7046875 0.38125 0.03125 0.103125
0 0.76640625 0.49453125 0.053125 0.08984375
0 0.75078125 0.41171875 0.028125 0.0765625
0 0.80625 0.44765625 0.06328125 0.109375
0 0.6125 0.62265625 0.06953125 0.09453125
0 0.6421875 0.56015625 0.0828125 0.08125
0 0.68828125 0.521875 0.0765625 0.075
0 0.54609375 0.534375 0.09296875 0.08984375
0 0.60625 0.475 0.078125 0.09765625
0 0.471875 0.5203125 0.078125 0.128125
0 0.52421875 0.46875 0.0859375 0.084375
0 0.41015625 0.52578125 0.0828125 0.06953125
0 0.4578125 0.61484375 0.0828125 0.09140625
0 0.49140625 0.76328125 0.06328125 0.07265625
0 0.5203125 0.70078125 0.08828125 0.06171875
0 0.684375 0.721875 0.07109375 0.05
0 0.67265625 0.63828125 0.0578125 0.09765625
0 0.72890625 0.66171875 0.06796875 0.09921875
0 0.74296875 0.61484375 0.04609375 0.09453125
0 0.8078125 0.62734375 0.03671875 0.103125
0 0.8609375 0.65859375 0.09296875 0.06640625
0 0.82890625 0.5421875 0.06796875 0.06953125
0 0.90078125 0.5625 0.06328125 0.0796875
0 0.8734375 0.484375 0.06171875 0.09296875
0 0.91640625 0.42890625 0.06484375 0.084375
0 0.9765625 0.43125 0.046875 0.09375
0 0.39921875 0.74609375 0.1078125 0.03828125
0 0.41328125 0.690625 0.0796875 0.06640625
0 0.3328125 0.6296875 0.06484375 0.09765625
0 0.25859375 0.68671875 0.08984375 0.09921875
0 0.23125 0.5765625 0.06796875 0.1046875
0 0.13203125 0.57265625 0.1078125 0.05625
0 0.13046875 0.6828125 0.1015625 0.08828125
0 0.05859375 0.53671875 0.078125 0.084375