0 0.31171875 0.16015625 0.07109375 0.1328125
0 0.4109375 0.20546875 0.13203125 0.12265625
0 0.5015625 0.1234375 0.08046875 0.13203125
0 0.50859375 0.0375 0.1234375 0.07421875
0 0.58984375 0.08828125 0.06875 0.14296875
0 0.66953125 0.06640625 0.0546875 0.1328125
0 0.7328125 0.028125 0.07421875 0.05546875
0 0.7953125 0.06484375 0.109375 0.09609375
0 0.85546875 0.103125 0.10625 0.05234375
0 0.95625 0.15859375 0.0875 0.11953125
0 0.88203125 0.2390625 0.08984375 0.13046875
0 0.9515625 0.27109375 0.08046875 0.1234375
0 0.78515625 0.31640625 0.07890625 0.13671875
0 0.86171875 0.33125 0.11484375 0.10703125
0 0.9765625 0.37421875 0.046875 0.1
0 0.81640625 0.5 0.075 0.12421875
0 0.8609375 0.45 0.05 0.14375
0 0.93984375 0.47578125 0.0546875 0.115625
0 0.98984375 0.48203125 0.0203125 0.0984375
0 0.721875 0.53203125 0.11328125 0.1078125
0 0.74140625 0.459375 0.075 0.1125
0 0.70859375 0.34921875 0.0765625 0.1296875
0 0.6828125 0.25 0.10859375 0.065625
0 0.63125 0.2078125 0.07890625 0.096875
0 0.18671875 0.05078125 0.08828125 0.10078125
0 0.390625 0.0265625 0.07890625 0.05234375
0 0.4203125 0.08828125 0.084375 0.10546875
0 0.1765625 0.2296875 0.10546875 0.1140625
0 0.14140625 0.38359375 0.071875 0.1453125
0 0.20390625 0.34609375 0.06640625 0.15703125
0 0.24296875 0.39921875 0.0671875 0.12890625
0 0.3328125 0.3859375 0.05703125 0.1359375
0 0.44375 0.3671875 0.08203125 0.14453125
0 0.309375 0.284375 0.090625 0.07421875
0 0.0734375 0.38125 0.0734375 0.1265625
0 0.03203125 0.25546875 0.05625 0.0921875
0 0.09296875 0.23671875 0.0453125 0.13203125
0 0.08203125 0.49609375 0.05234375 0.115625
0 0.2015625 0.53984375 0.075 0.12265625
0 0.2953125 0.53046875 0.08203125 0.125
0 0.4015625 0.5 0.1 0.1328125
0 0.50390625 0.459375 0.07890625 0.11953125
0 0.5734375 0.49296875 0.0703125 0.1328125
0 0.6171875 0.4546875 0.0609375 0.1296875
0 0.5875 0.3609375 0.1015625 0.07890625
0 0.8015625 0.63125 0.0984375 0.078125
0 0.9265625 0.6859375 0.1140625 0.09453125
0 0.684375 0.69765625 0.125 0.06796875
0 0.7390625 0.9140625 0.07421875 0.12265625
0 0.7921875 0.8453125 0.0796875 0.115625
0 0.82421875 0.7796875 0.1203125 0.0984375
0 0.93984375 0.84609375 0.11015625 0.1078125
0 0.51796875 0.86484375 0.09921875 0.140625
0 0.4390625 0.8296875 0.06796875 0.1171875
0 0.3953125 0.77109375 0.075 0.13515625
0 0.38515625 0.67734375 0.07109375 0.13359375
0 0.446875 0.6296875 0.0703125 0.12890625
0 0.49140625 0.7625 0.10703125 0.090625
0 0.51328125 0.71328125 0.09765625 0.09296875
0 0.55234375 0.653125 0.09765625 0.109375
0 0.56171875 0.57578125 0.134375 0.0953125
0 0.67421875 0.6125 0.11796875 0.09453125
0 0.33125 0.61796875 0.0796875 0.12890625
0 0.23359375 0.621875 0.109375 0.1
0 0.04453125 0.690625 0.0890625 0.18125
0 0.0859375 0.6375 0.06484375 0.14375
0 0.1390625 0.63203125 0.0796875 0.12734375
0 0.1171875 0.803125 0.08046875 0.1484375
0 0.18359375 0.7171875 0.07578125 0.13671875
0 0.26484375 0.7796875 0.084375 0.15078125
0 0.3234375 0.85625 0.07109375 0.1203125
0 0.32578125 0.95546875 0.06953125 0.0890625
0 0.221875 0.9171875 0.075 0.1390625
0 0.14609375 0.9203125 0.07109375 0.128125
0 0.06015625 0.8921875 0.071875 0.1421875
0 0.640625 0.91640625 0.078125 0.128125
0 0.653125 0.7953125 0.146875 0.0890625
0 0.68359375 0.9734375 0.0890625 0.053125
0 0.84765625 0.9796875 0.12421875 0.040625