0 0.44296875 0.54296875 0.0671875 0.16953125
0 0.13125 0.5640625 0.10078125 0.2015625
0 0.19765625 0.74296875 0.10703125 0.175
0 0.35703125 0.79296875 0.07578125 0.165625
0 0.32265625 0.28203125 0.07890625 0.1828125
0 0.56875 0.22734375 0.1 0.18046875
0 0.675 0.24296875 0.0734375 0.16015625
0 0.86484375 0.1390625 0.1140625 0.1640625
0 0.09453125 0.96953125 0.08046875 0.0609375
0 0.17109375 0.96953125 0.06640625 0.06015625
0 0.0609375 0.43046875 0.11796875 0.1515625
0 0.02265625 0.55390625 0.04453125 0.1921875
0 0.13984375 0.0703125 0.0765625 0.140625
0 0.26796875 0.64453125 0.1546875 0.11875
0 0.8953125 0.52734375 0.06875 0.184375
0 0.96875 0.65078125 0.0625 0.1171875
0 0.8921875 0.725 0.10546875 0.1734375