0 0.0171875 0.06484375 0.03359375 0.12890625
0 0.07578125 0.0484375 0.0703125 0.096875
0 0.05390625 0.19375 0.07421875 0.12890625
0 0.025 0.146875 0.05 0.046875
0 0.02890625 0.5296875 0.05703125 0.15625
0 0.1203125 0.68125 0.05234375 0.17421875
0 0.20859375 0.7203125 0.0546875 0.17890625
0 0.33515625 0.74375 0.08046875 0.14296875
0 0.34765625 0.9296875 0.09296875 0.140625
0 0.253125 0.94140625 0.0640625 0.1171875
0 0.0953125 0.92578125 0.08671875 0.1296875
0 0.1875 0.85859375 0.10625 0.115625
0 0.17109375 0.96015625 0.0703125 0.0796875
0 0.01328125 0.96640625 0.0265625 0.0671875
0 0.0265625 0.790625 0.053125 0.15
0 0.1078125 0.8484375 0.0734375 0.1140625
0 0.40859375 0.9515625 0.046875 0.096875
0 0.4734375 0.9515625 0.05078125 0.096875
0 0.7 0.9703125 0.1359375 0.05859375
0 0.88125 0.9171875 0.10390625 0.165625
0 0.97734375 0.946875 0.0453125 0.10625
0 0.96953125 0.86796875 0.06015625 0.07421875
0 0.88984375 0.74921875 0.1265625 0.14453125
0 0.97265625 0.7734375 0.0546875 0.065625
0 0.7421875 0.74140625 0.1703125 0.07109375
0 0.6609375 0.83515625 0.08125 0.1484375
0 0.584375 0.94296875 0.08125 0.1140625
0 0.5296875 0.88515625 0.11875 0.075
0 0.409375 0.86015625 0.12265625 0.0640625
0 0.5140625 0.809375 0.1171875 0.11640625
0 0.5671875 0.7265625 0.08125 0.16484375
0 0.65859375 0.68515625 0.08203125 0.13125
0 0.29453125 0.6171875 0.0734375 0.1546875
0 0.2703125 0.53203125 0.078125 0.1140625
0 0.19375 0.4171875 0.0859375 0.14140625
0 0.16640625 0.58828125 0.0640625 0.0890625
0 0.2078125 0.54609375 0.0875 0.128125
0 0.08515625 0.5203125 0.09453125 0.0734375
0 0.10546875 0.42734375 0.05625 0.14765625
0 0.05546875 0.325 0.0734375 0.13125
0 0.11953125 0.240625 0.0703125 0.1421875
0 0.1703125 0.32265625 0.0515625 0.1125
0 0.2296875 0.303125 0.10390625 0.146875
0 0.3984375 0.41640625 0.10078125 0.1734375
0 0.47734375 0.4140625 0.08125 0.16796875
0 0.49765625 0.325 0.078125 0.1671875
0 0.715625 0.37578125 0.08359375 0.16328125
0 0.60703125 0.3984375 0.13046875 0.12421875
0 0.60625 0.29765625 0.1421875 0.10234375
0 0.68125 0.17734375 0.17578125 0.10625
0 0.75625 0.26015625 0.08203125 0.13203125
0 0.81015625 0.33984375 0.0546875 0.1265625
0 0.8796875 0.3390625 0.07421875 0.11875
0 0.9546875 0.32734375 0.090625 0.084375
0 0.85390625 0.234375 0.175 0.1234375
0 0.978125 0.19140625 0.04375 0.19140625
0 0.7984375 0.1046875 0.05546875 0.15625
0 0.8609375 0.1203125 0.06640625 0.1625
0 0.928125 0.10625 0.053125 0.14765625
0 0.7140625 0.075 0.0828125 0.1484375
0 0.64453125 0.0703125 0.071875 0.140625
0 0.57578125 0.078125 0.0640625 0.15625
0 0.4984375 0.06875 0.11015625 0.13671875
0 0.3796875 0.23203125 0.0640625 0.15546875
0 0.41875 0.1546875 0.11484375 0.14765625
0 0.33125 0.225 0.1234375 0.128125
0 0.41171875 0.05390625 0.07109375 0.103125
0 0.34375 0.04453125 0.078125 0.08046875
0 0.290625 0.1609375 0.0984375 0.16328125
0 0.19609375 0.13984375 0.0703125 0.1546875
0 0.13984375 0.10859375 0.071875 0.13671875
0 0.20859375 0.0375 0.0515625 0.075
0 0.26953125 0.053125 0.06640625 0.10546875
0 0.43203125 0.6640625 0.0734375 0.15703125
0 0.521875 0.56171875 0.13984375 0.08359375
0 0.30703125 0.3453125 0.071875 0.11796875