0 0.378125 0.3515625 0.12421875 0.22109375
0 0.51953125 0.39765625 0.15546875 0.1765625
0 0.65234375 0.484375 0.1203125 0.1765625
0 0.74765625 0.4015625 0.12421875 0.16640625
0 0.81328125 0.26875 0.08125 0.19609375
0 0.8796875 0.27890625 0.07109375 0.1953125
0 0.96015625 0.27109375 0.0796875 0.1609375
0 0.865625 0.11875 0.1203125 0.203125
0 0.9359375 0.0796875 0.0703125 0.15859375
0 0.76875 0.16484375 0.20390625 0.09921875
0 0.58828125 0.2375 0.13984375 0.2078125
0 0.6421875 0.19453125 0.08046875 0.16796875
0 0.546875 0.284375 0.08984375 0.14375
0 0.34921875 0.10546875 0.13984375 0.2109375
0 0.46328125 0.09921875 0.1265625 0.196875
0 0.5890625 0.040625 0.12109375 0.08125
0 0.728125 0.04453125 0.075 0.0890625
0 0.18359375 0.29921875 0.09609375 0.253125
0 0.078125 0.25390625 0.109375 0.253125
0 0.22265625 0.14921875 0.13984375 0.22421875
0 0.0640625 0.075 0.128125 0.15
0 0.4109375 0.53359375 0.10546875 0.1875
0 0.47265625 0.57578125 0.11875 0.1890625
0 0.575 0.5390625 0.11015625 0.228125
0 0.8046875 0.5390625 0.184375 0.1125
0 0.88828125 0.5 0.15234375 0.15078125
0 0.946875 0.41796875 0.09921875 0.1734375
0 0.98203125 0.5046875 0.03203125 0.09296875
0 0.9640625 0.615625 0.071875 0.125
0 0.1765625 0.54375 0.12890625 0.21484375
0 0.30625 0.540625 0.10078125 0.20078125
0 0.42109375 0.7671875 0.0765625 0.17734375
0 0.52890625 0.78125 0.0984375 0.14765625
0 0.59765625 0.70546875 0.07578125 0.16328125
0 0.01875 0.62578125 0.03671875 0.21875
0 0.13984375 0.7296875 0.15546875 0.16953125
0 0.25859375 0.70234375 0.1453125 0.2078125
0 0.36171875 0.7 0.11484375 0.18359375
0 0.2140625 0.871875 0.17734375 0.0828125
0 0.1890625 0.83046875 0.190625 0.0828125
0 0.27421875 0.9421875 0.12421875 0.0890625
0 0.02421875 0.93203125 0.0484375 0.1109375
0 0.47265625 0.95390625 0.11953125 0.0921875
0 0.53515625 0.88203125 0.09375 0.06875
0 0.6375 0.84296875 0.07109375 0.13828125
0 0.7203125 0.93359375 0.11640625 0.1046875
0 0.62890625 0.94140625 0.12109375 0.1171875
0 0.828125 0.7015625 0.08515625 0.125
0 0.8828125 0.81640625 0.06015625 0.1484375
0 0.890625 0.93046875 0.09453125 0.1390625
0 0.7921875 0.875 0.10234375 0.13125
0 0.70546875 0.81484375 0.10078125 0.11171875
0 0.74375 0.72890625 0.1 0.13984375
0 0.671875 0.6765625 0.10703125 0.16328125
0 0.9625 0.771875 0.075 0.14375
0 0.9140625 0.72109375 0.0828125 0.14140625
0 0.97734375 0.953125 0.0453125 0.09375
0 0.9703125 0.865625 0.0421875 0.06640625