0 0.696875 0.0546875 0.0625 0.109375
0 0.80078125 0.04296875 0.0890625 0.0859375
0 0.8734375 0.13671875 0.06796875 0.19296875
0 0.940625 0.07578125 0.0859375 0.1515625
0 0.97890625 0.13828125 0.0421875 0.18828125
0 0.92578125 0.2234375 0.09609375 0.125
0 0.9375 0.3609375 0.07578125 0.15625
0 0.9703125 0.34609375 0.05859375 0.17734375
0 0.875 0.36640625 0.08515625 0.20703125
0 0.49375 0.0921875 0.1984375 0.08671875
0 0.61015625 0.11015625 0.13671875 0.1125
0 0.67421875 0.19609375 0.09765625 0.1875
0 0.4515625 0.0234375 0.0796875 0.04609375
0 0.21875 0.02421875 0.09609375 0.04765625
0 0.13828125 0.09453125 0.109375 0.14140625
0 0.0484375 0.1890625 0.096875 0.2203125
0 0.19140625 0.23046875 0.22109375 0.16015625
0 0.3953125 0.16171875 0.23515625 0.13515625
0 0.31796875 0.32890625 0.1734375 0.20234375
0 0.20625 0.3828125 0.1984375 0.20625
0 0.14140625 0.53671875 0.1765625 0.26171875
0 0.03984375 0.5046875 0.0765625 0.209375
0 0.42890625 0.603125 0.2515625 0.11875
0 0.3359375 0.48828125 0.1328125 0.1828125
0 0.41640625 0.36953125 0.13046875 0.2203125
0 0.503125 0.25078125 0.15 0.18671875
0 0.62421875 0.27734375 0.10390625 0.1828125
0 0.5484375 0.45078125 0.103125 0.15859375
0 0.51328125 0.40234375 0.084375 0.16484375
0 0.62890625 0.44375 0.0609375 0.175
0 0.721875 0.32890625 0.08203125 0.2125
0 0.771875 0.46796875 0.0890625 0.14609375
0 0.8265625 0.5828125 0.1375 0.19296875
0 0.69609375 0.64140625 0.17421875 0.08515625
0 0.6109375 0.7203125 0.0921875 0.14921875
0 0.66953125 0.803125 0.08828125 0.1671875
0 0.74296875 0.86328125 0.1171875 0.1890625
0 0.84296875 0.83671875 0.08515625 0.175
0 0.91484375 0.7 0.15390625 0.1015625
0 0.9484375 0.7859375 0.103125 0.1375
0 0.921875 0.91953125 0.08828125 0.12109375
0 0.98515625 0.91015625 0.0296875 0.0578125
0 0.971875 0.5109375 0.05546875 0.1390625
0 0.39296875 0.73984375 0.1375 0.14453125
0 0.50703125 0.72109375 0.1109375 0.184375
0 0.55390625 0.88046875 0.09140625 0.165625
0 0.60703125 0.96484375 0.0765625 0.0703125
0 0.2890625 0.88046875 0.16953125 0.109375
0 0.196875 0.7109375 0.19921875 0.09765625
0 0.1390625 0.86171875 0.11953125 0.1859375
0 0.0609375 0.88125 0.121875 0.1875