0 0.11171875 0.2484375 0.10234375 0.12890625
0 0.21796875 0.36328125 0.0453125 0.08515625
0 0.18125 0.18515625 0.04765625 0.17265625
0 0.27890625 0.18984375 0.10234375 0.10625
0 0.284375 0.10078125 0.125 0.0609375
0 0.04140625 0.13671875 0.06484375 0.11015625
0 0.11484375 0.053125 0.09296875 0.09140625
0 0.0796875 0.3375 0.0875 0.11796875
0 0.13671875 0.39765625 0.08359375 0.09296875
0 0.28203125 0.3046875 0.0515625 0.1234375
0 0.39921875 0.11171875 0.096875 0.10234375
0 0.38984375 0.23828125 0.078125 0.09296875
0 0.5078125 0.19609375 0.09296875 0.0625
0 0.5125 0.29765625 0.08359375 0.08359375
0 0.6390625 0.34375 0.07578125 0.10625
0 0.625 0.1375 0.08125 0.08515625
0 0.7125 0.18515625 0.0546875 0.13828125
0 0.77109375 0.2515625 0.07421875 0.11953125
0 0.8546875 0.2359375 0.08515625 0.0890625
0 0.88671875 0.1328125 0.09296875 0.11015625
0 0.79609375 0.08984375 0.10078125 0.1234375
0 0.6953125 0.5140625 0.078125 0.1140625
0 0.678125 0.4234375 0.078125 0.09453125
0 0.75546875 0.43828125 0.07578125 0.1140625
0 0.80234375 0.39375 0.07578125 0.05859375
0 0.83359375 0.48515625 0.0625 0.11171875
0 0.88828125 0.4390625 0.09140625 0.1078125
0 0.4765625 0.490625 0.13671875 0.13125
0 0.54765625 0.48359375 0.0890625 0.10234375
0 0.44375 0.3703125 0.10625 0.125
0 0.24375 0.5859375 0.0703125 0.13671875
0 0.28359375 0.48125 0.11171875 0.078125
0 0.3234375 0.43515625 0.10078125 0.10078125
0 0.36796875 0.34921875 0.09140625 0.10234375
0 0.38359375 0.4953125 0.07578125 0.11796875
0 0.15 0.56640625 0.08359375 0.1078125
0 0.19765625 0.48984375 0.071875 0.09453125
0 0.06015625 0.4765625 0.096875 0.10625
0 0.13359375 0.75234375 0.0515625 0.096875
0 0.17578125 0.65625 0.1078125 0.08359375
0 0.0578125 0.5734375 0.115625 0.08515625
0 0.04609375 0.7171875 0.0921875 0.08125
0 0.20703125 0.771875 0.071875 0.09140625
0 0.22578125 0.89921875 0.10625 0.09453125
0 0.28359375 0.82421875 0.07421875 0.0890625
0 0.29609375 0.76015625 0.0796875 0.096875
0 0.3109375 0.7171875 0.10234375 0.09453125
0 0.321875 0.640625 0.07421875 0.0625
0 0.31015625 0.57421875 0.11953125 0.03984375
0 0.46015625 0.6984375 0.09296875 0.11015625
0 0.43828125 0.59296875 0.06484375 0.07421875
0 0.50859375 0.61484375 0.06484375 0.11015625
0 0.5703125 0.578125 0.0515625 0.0703125
0 0.55234375 0.7609375 0.0609375 0.04921875
0 0.5453125 0.70859375 0.09296875 0.07421875
0 0.59453125 0.6875 0.078125 0.0703125
0 0.640625 0.64296875 0.08125 0.06484375
0 0.45546875 0.8171875 0.08359375 0.08515625
0 0.54921875 0.8359375 0.07421875 0.0890625
0 0.62578125 0.82421875 0.06484375 0.07421875
0 0.64140625 0.7390625 0.0796875 0.03203125
0 0.67734375 0.85546875 0.06796875 0.05703125
0 0.71328125 0.7875 0.06484375 0.05703125
0 0.71796875 0.63125 0.08515625 0.0515625
0 0.79375 0.646875 0.1078125 0.03046875
0 0.7984375 0.58359375 0.07578125 0.08125
0 0.9203125 0.56640625 0.11015625 0.078125
0 0.89296875 0.753125 0.0890625 0.053125
0 0.87109375 0.684375 0.10625 0.0625
0 0.77578125 0.76640625 0.11796875 0.034375
0 0.7078125 0.7140625 0.1140625 0.03984375
0 0.8203125 0.81953125 0.08515625 0.053125
0 0.74375 0.9359375 0.1125 0.128125
0 0.59453125 0.9421875 0.08125 0.0890625
0 0.43046875 0.93125 0.10234375 0.10625
0 0.3328125 0.94921875 0.10078125 0.09296875
0 0.36171875 0.8890625 0.078125 0.078125
0 0.14296875 0.9625 0.11171875 0.07421875
0 0.1734375 0.890625 0.1234375 0.08125
0 0.25703125 0.965625 0.096875 0.06875
0 0.89296875 0.93203125 0.0703125 0.03203125
0 0.95703125 0.74140625 0.0546875 0.0796875