0 0.55078125 0.56484375 0.0953125 0.2
0 0.69453125 0.70546875 0.1421875 0.14375
0 0.6875 0.49375 0.15859375 0.15078125
0 0.2296875 0.20546875 0.1546875 0.14921875
0 0.3796875 0.0703125 0.15078125 0.11015625
0 0.28515625 0.0421875 0.08125 0.08359375
0 0.103125 0.04453125 0.09921875 0.0890625
0 0.02734375 0.046875 0.0546875 0.09375
0 0.2484375 0.3890625 0.10859375 0.07578125
0 0.36484375 0.38203125 0.0796875 0.071875
0 0.50078125 0.365625 0.08828125 0.078125
0 0.59453125 0.36328125 0.08515625 0.06796875
0 0.6359375 0.2734375 0.09375 0.08125
0 0.69453125 0.31796875 0.0984375 0.0765625
0 0.7578125 0.27578125 0.090625 0.07578125
0 0.91953125 0.240625 0.1609375 0.0734375
0 0.96796875 0.34375 0.0640625 0.0890625
0 0.09609375 0.38671875 0.16171875 0.11328125
0 0.2703125 0.30546875 0.059375 0.08828125
0 0.36796875 0.30703125 0.1 0.071875
0 0.51875 0.2875 0.09453125 0.0734375
0 0.1640625 0.3046875 0.06640625 0.09453125
0 0.35546875 0.73359375 0.05859375 0.08515625
0 0.2828125 0.734375 0.07734375 0.06171875
0 0.5390625 0.72421875 0.15859375 0.07421875