0 0.159375 0.4140625 0.059375 0.03359375
0 0.08671875 0.45 0.05703125 0.0359375
0 0.1296875 0.484375 0.0515625 0.0578125
0 0.140625 0.49609375 0.07734375 0.02578125
0 0.16328125 0.4625 0.05234375 0.04765625
0 0.1921875 0.4546875 0.0296875 0.040625
0 0.2359375 0.4171875 0.015625 0.02265625
0 0.23203125 0.44296875 0.0328125 0.0265625
0 0.22734375 0.54609375 0.19453125 0.15390625
0 0.2328125 0.4640625 0.02890625 0.03203125
0 0.22890625 0.4984375 0.03203125 0.025
0 0.21875 0.540625 0.03984375 0.05
0 0.16875 0.6078125 0.0671875 0.08984375
0 0.20234375 0.615625 0.071875 0.07578125
0 0.1671875 0.5375 0.04765625 0.0515625
0 0.19453125 0.51875 0.025 0.0421875
0 0.1984375 0.50078125 0.021875 0.028125
0 0.25703125 0.53671875 0.0375 0.04609375
0 0.2890625 0.50703125 0.0375 0.04140625
0 0.0875 0.65390625 0.08515625 0.065625
0 0.2796875 0.63359375 0.1015625 0.0484375
0 0.31953125 0.6 0.08359375 0.059375
0 0.27421875 0.5734375 0.05859375 0.06015625
0 0.3453125 0.5546875 0.0515625 0.06328125
0 0.32265625 0.51640625 0.0296875 0.0546875
0 0.33046875 0.4921875 0.02578125 0.06015625
0 0.3265625 0.4125 0.04921875 0.03828125
0 0.4421875 0.42578125 0.08046875 0.0359375
0 0.39140625 0.45390625 0.08125 0.0359375
0 0.3765625 0.434375 0.05859375 0.03046875
0 0.36953125 0.4203125 0.03671875 0.03125
0 0.3875 0.49609375 0.08125 0.04609375
0 0.4546875 0.5234375 0.0359375 0.0828125
0 0.490625 0.496875 0.0390625 0.0671875
0 0.503125 0.4640625 0.0453125 0.040625
0 0.459375 0.465625 0.0453125 0.0515625
0 0.35546875 0.46640625 0.04375 0.04921875
0 0.40546875 0.63828125 0.07265625 0.07421875
0 0.4171875 0.609375 0.04453125 0.053125
0 0.55 0.59140625 0.084375 0.05546875
0 0.60078125 0.55390625 0.08046875 0.06328125
0 0.5546875 0.49375 0.06171875 0.06796875
0 0.60078125 0.49140625 0.046875 0.05859375
0 0.6328125 0.4609375 0.02578125 0.04609375
0 0.57578125 0.4453125 0.06640625 0.053125
0 0.59453125 0.43046875 0.0421875 0.04296875
0 0.72890625 0.503125 0.06640625 0.046875
0 0.65625 0.49375 0.06171875 0.0453125
0 0.6890625 0.51875 0.0625 0.06328125
0 0.68828125 0.553125 0.07109375 0.05390625
0 0.75 0.59609375 0.078125 0.0546875
0 0.84296875 0.61015625 0.05546875 0.0703125
0 0.70390625 0.62734375 0.07109375 0.090625
0 0.7265625 0.74609375 0.09375 0.071875
0 0.834375 0.7234375 0.0703125 0.0875
0 0.8171875 0.8 0.09453125 0.0765625
0 0.75859375 0.67265625 0.04609375 0.0546875
0 0.12265625 0.93203125 0.0765625 0.1234375
0 0.16640625 0.8703125 0.0734375 0.09609375
0 0.15078125 0.7984375 0.03984375 0.06171875
0 0.1640625 0.7390625 0.04609375 0.0796875
0 0.209375 0.69765625 0.04765625 0.0984375
0 0.440625 0.71640625 0.05078125 0.059375
0 0.4953125 0.659375 0.0484375 0.09296875
0 0.46796875 0.6296875 0.0296875 0.0421875
0 0.5 0.5890625 0.0484375 0.06875
0 0.5046875 0.71484375 0.03984375 0.1015625
0 0.540625 0.7234375 0.0609375 0.09921875
0 0.4546875 0.76015625 0.0421875 0.05859375
0 0.46015625 0.80078125 0.0640625 0.05703125
0 0.5359375 0.796875 0.053125 0.08671875
0 0.478125 0.8546875 0.04765625 0.06875
0 0.6140625 0.965625 0.06953125 0.06796875
0 0.51953125 0.97265625 0.06015625 0.0546875
0 0.5625 0.875 0.07890625 0.090625