0 0.0515625 0.1703125 0.10234375 0.20234375
0 0.0953125 0.353125 0.1109375 0.1828125
0 0.16015625 0.49140625 0.0921875 0.175
0 0.2765625 0.478125 0.15703125 0.08359375
0 0.31953125 0.55390625 0.17734375 0.0640625
0 0.290625 0.6796875 0.08515625 0.14140625
0 0.07578125 0.61171875 0.12421875 0.17578125
0 0.09375 0.7375 0.06328125 0.0734375
0 0.4078125 0.6578125 0.05546875 0.1875
0 0.53046875 0.4984375 0.075 0.1453125
0 0.565625 0.62578125 0.08046875 0.14453125
0 0.64453125 0.6140625 0.09140625 0.13046875
0 0.7609375 0.70078125 0.090625 0.08671875
0 0.721875 0.546875 0.00234375 0.01015625
0 0.75078125 0.41484375 0.084375 0.159375
0 0.621875 0.32734375 0.0796875 0.16640625
0 0.646875 0.47578125 0.06953125 0.12421875
0 0.46640625 0.328125 0.0734375 0.1609375
0 0.39765625 0.4390625 0.071875 0.1375
0 0.278125 0.09375 0.10625 0.1875
0 0.38671875 0.2 0.08359375 0.17890625
0 0.48125 0.1265625 0.07265625 0.15546875
0 0.6 0.1328125 0.103125 0.13359375
0 0.80078125 0.12578125 0.0625 0.1375
0 0.82265625 0.33125 0.11328125 0.11640625
0 0.90625 0.35703125 0.059375 0.14375
0 0.971875 0.27109375 0.05625 0.1265625
0 0.88203125 0.225 0.08125 0.12421875
0 0.8875 0.10078125 0.07890625 0.12734375
0 0.1546875 0.08828125 0.0921875 0.171875
0 0.63203125 0.046875 0.05625 0.09375
0 0.70078125 0.05 0.0640625 0.1
0 0.89375 0.0203125 0.0984375 0.040625
0 0.6671875 0.2375 0.08671875 0.15703125
0 0.70625 0.15390625 0.09296875 0.10390625
0 0.7671875 0.5109375 0.04921875 0.1046875
0 0.853125 0.471875 0.0796875 0.096875
0 0.83671875 0.584375 0.04140625 0.10234375
0 0.8796875 0.53828125 0.09609375 0.06171875
0 0.8484375 0.6984375 0.0453125 0.08515625
0 0.9140625 0.70546875 0.0546875 0.103125
0 0.9203125 0.5984375 0.0984375 0.103125
0 0.76328125 0.77890625 0.11875 0.06875
0 0.459375 0.60234375 0.06171875 0.14921875