0 0.4140625 0.21640625 0.2265625 0.2125
0 0.56953125 0.38671875 0.11171875 0.2890625
0 0.70234375 0.4171875 0.1 0.26875
0 0.8140625 0.43828125 0.09609375 0.23125
0 0.94921875 0.45078125 0.1015625 0.2390625
0 0.4265625 0.43359375 0.15703125 0.24140625
0 0.2578125 0.36640625 0.16484375 0.2640625
0 0.12578125 0.4328125 0.25078125 0.21015625
0 0.24453125 0.60234375 0.18828125 0.22890625
0 0.43828125 0.73125 0.2140625 0.2390625
0 0.5375 0.86953125 0.2390625 0.2609375
0 0.203125 0.88515625 0.19453125 0.22890625
0 0.6953125 0.659375 0.246875 0.18515625
0 0.8875 0.665625 0.14921875 0.24453125
0 0.96640625 0.7390625 0.0671875 0.23671875
0 0.725 0.90234375 0.240625 0.1953125