0 0.5 0.15390625 0.06171875 0.10859375
0 0.5640625 0.15390625 0.05078125 0.10390625
0 0.790625 0.12734375 0.090625 0.0984375
0 0.8796875 0.06015625 0.08203125 0.11796875
0 0.946875 0.10859375 0.090625 0.12578125
0 0.86328125 0.17578125 0.13203125 0.0625
0 0.2484375 0.0953125 0.11015625 0.08984375
0 0.3421875 0.11875 0.0765625 0.11171875
0 0.41171875 0.27265625 0.14296875 0.09296875
0 0.41875 0.21015625 0.14140625 0.08671875
0 0.3890625 0.1546875 0.1109375 0.08828125
0 0.525 0.2578125 0.10859375 0.14296875
0 0.6046875 0.24453125 0.07578125 0.14296875
0 0.665625 0.27421875 0.0546875 0.1421875
0 0.728125 0.20703125 0.0921875 0.140625
0 0.75390625 0.303125 0.07265625 0.1234375
0 0.8734375 0.33046875 0.1375 0.14453125
0 0.95703125 0.209375 0.0859375 0.0734375
0 0.815625 0.21796875 0.1046875 0.0875
0 0.8875 0.26640625 0.05546875 0.06875
0 0.93984375 0.31328125 0.06484375 0.10546875
0 0.2125 0.1765625 0.153125 0.0578125
0 0.08984375 0.140625 0.0953125 0.090625
0 0.015625 0.20703125 0.0265625 0.146875
0 0.0578125 0.31015625 0.09140625 0.12734375
0 0.115625 0.290625 0.0765625 0.1171875
0 0.12890625 0.228125 0.15625 0.11875
0 0.2046875 0.30859375 0.0953125 0.12421875
0 0.27890625 0.375 0.0796875 0.1328125
0 0.30859375 0.26796875 0.09140625 0.11015625
0 0.38203125 0.38515625 0.0828125 0.12109375
0 0.4515625 0.49140625 0.08203125 0.13828125
0 0.5125 0.5265625 0.10546875 0.12421875
0 0.5203125 0.52734375 0.06796875 0.1171875
0 0.2921875 0.5484375 0.1421875 0.1203125
0 0.1546875 0.43984375 0.0953125 0.1421875
0 0.05078125 0.43359375 0.10078125 0.10625
0 0.10078125 0.4984375 0.1140625 0.10390625
0 0.234375 0.453125 0.10078125 0.1359375
0 0.33046875 0.440625 0.071875 0.12890625
0 0.378125 0.48046875 0.0578125 0.10390625
0 0.40625 0.5875 0.05390625 0.1328125
0 0.3046875 0.65546875 0.12109375 0.08203125
0 0.36015625 0.6203125 0.06171875 0.13359375
0 0.30078125 0.72109375 0.06796875 0.1234375
0 0.2125 0.746875 0.06171875 0.13515625
0 0.16328125 0.6296875 0.090625 0.1421875
0 0.084375 0.59765625 0.10078125 0.1359375
0 0.0203125 0.56328125 0.040625 0.128125
0 0.1171875 0.73828125 0.12578125 0.1109375
0 0.06953125 0.79453125 0.121875 0.06953125
0 0.06953125 0.8578125 0.1359375 0.06953125
0 0.22421875 0.9046875 0.12578125 0.053125
0 0.084375 0.9359375 0.06953125 0.1125
0 0.03046875 0.9484375 0.0609375 0.090625
0 0.18203125 0.96328125 0.12578125 0.0734375
0 0.31328125 0.9703125 0.1296875 0.05859375
0 0.45859375 0.9375 0.071875 0.125
0 0.57109375 0.85234375 0.13359375 0.13046875
0 0.5734375 0.94765625 0.053125 0.1046875
0 0.64140625 0.95546875 0.06875 0.0890625
0 0.696875 0.9765625 0.06796875 0.046875
0 0.8109375 0.94609375 0.13046875 0.08671875
0 0.91953125 0.9328125 0.1171875 0.134375
0 0.84296875 0.84140625 0.12265625 0.06640625
0 0.9875 0.86640625 0.02421875 0.12890625
0 0.76796875 0.80234375 0.11484375 0.13828125
0 0.81875 0.684375 0.13046875 0.12109375
0 0.92890625 0.7015625 0.0984375 0.12578125
0 0.94609375 0.5765625 0.1078125 0.109375
0 0.79296875 0.54375 0.1265625 0.13515625
0 0.73046875 0.64765625 0.096875 0.1265625
0 0.65078125 0.73125 0.15 0.13203125
0 0.53046875 0.7515625 0.1046875 0.13203125
0 0.43359375 0.70703125 0.0765625 0.10078125
0 0.46875 0.66484375 0.06328125 0.1359375
0 0.37421875 0.803125 0.08515625 0.165625
0 0.53125 0.44375 0.08984375 0.078125
0 0.5765625 0.3640625 0.08515625 0.134375
0 0.6234375 0.371875 0.0796875 0.11015625
0 0.64921875 0.49140625 0.05390625 0.11796875
0 0.61015625 0.55234375 0.125 0.0875
0 0.703125 0.553125 0.11875 0.1
0 0.60390625 0.46015625 0.0703125 0.075
0 0.74453125 0.47890625 0.0625 0.11953125
0 0.703125 0.3859375 0.0546875 0.1265625
0 0.80390625 0.4078125 0.07265625 0.13515625
0 0.92890625 0.44921875 0.07734375 0.128125
0 0.9671875 0.440625 0.06484375 0.1171875
0 0.87265625 0.5015625 0.06484375 0.11796875
0 0.68203125 0.83203125 0.07734375 0.11015625
0 0.4703125 0.4203125 0.09609375 0.08828125
0 0.4921875 0.35078125 0.0546875 0.046875