0 0.5515625 0.40234375 0.01640625 0.02890625
0 0.65625 0.440625 0.02421875 0.0171875
0 0.70703125 0.45859375 0.02421875 0.0203125
0 0.3875 0.7453125 0.0265625 0.02265625
0 0.2828125 0.78203125 0.0359375 0.02578125
0 0.521875 0.82734375 0.02421875 0.0125
0 0.54921875 0.89453125 0.028125 0.03671875
0 0.52578125 0.8734375 0.01796875 0.03125
0 0.51015625 0.978125 0.02265625 0.0359375
0 0.696875 0.97421875 0.0234375 0.03203125
0 0.7578125 0.97578125 0.0234375 0.0203125
0 0.734375 0.95234375 0.01484375 0.0359375
0 0.75859375 0.94453125 0.01875 0.028125
0 0.72578125 0.91171875 0.0171875 0.02734375
0 0.62265625 0.8265625 0.01875 0.02734375
0 0.68125 0.7234375 0.01640625 0.025
0 0.67578125 0.77265625 0.01640625 0.02578125
0 0.7625 0.67578125 0.01640625 0.0234375