0 0.05078125 0.0484375 0.04609375 0.05
0 0.13359375 0.1 0.08125 0.08828125
0 0.20859375 0.11953125 0.05625 0.1171875
0 0.31875 0.07578125 0.0625 0.12421875
0 0.29921875 0.203125 0.0875 0.121875
0 0.1984375 0.2078125 0.0921875 0.0796875
0 0.11796875 0.2296875 0.06875 0.115625
0 0.0375 0.16875 0.0625 0.13359375
0 0.1703125 0.3265625 0.0484375 0.11953125
0 0.2671875 0.3671875 0.04609375 0.13671875
0 0.3984375 0.33125 0.0796875 0.11953125
0 0.45859375 0.2609375 0.096875 0.15078125
0 0.3765625 0.12421875 0.05390625 0.128125
0 0.46640625 0.0609375 0.05078125 0.10234375
0 0.5109375 0.146875 0.07109375 0.0625
0 0.5390625 0.2625 0.0421875 0.13671875
0 0.5875 0.21953125 0.04609375 0.103125
0 0.7578125 0.296875 0.0484375 0.08828125
0 0.81796875 0.2859375 0.05390625 0.115625
0 0.86328125 0.20859375 0.05703125 0.11796875
0 0.6953125 0.325 0.06015625 0.12734375
0 0.81953125 0.0625 0.0375 0.109375
0 0.96015625 0.12890625 0.0796875 0.140625
0 0.9453125 0.30078125 0.07734375 0.10078125
0 0.959375 0.43125 0.06875 0.12421875
0 0.84296875 0.51328125 0.07578125 0.14453125
0 0.8859375 0.43515625 0.10078125 0.13828125
0 0.7953125 0.1765625 0.14296875 0.12109375
0 0.6609375 0.1828125 0.115625 0.08828125
0 0.6359375 0.07578125 0.0734375 0.11171875
0 0.54609375 0.06640625 0.0859375 0.1
0 0.74296875 0.51640625 0.103125 0.090625
0 0.63984375 0.390625 0.10859375 0.10625
0 0.5828125 0.453125 0.071875 0.13203125
0 0.6625 0.50546875 0.0796875 0.10078125
0 0.47890625 0.45546875 0.0984375 0.0984375
0 0.3609375 0.47734375 0.1296875 0.0984375
0 0.26875 0.49921875 0.06953125 0.0734375
0 0.153125 0.4546875 0.12421875 0.0671875
0 0.06171875 0.428125 0.0609375 0.0796875
0 0.06015625 0.34609375 0.11953125 0.06953125
0 0.04453125 0.54375 0.08203125 0.090625
0 0.05625 0.6453125 0.11171875 0.096875
0 0.05546875 0.74921875 0.09375 0.09609375
0 0.190625 0.6375 0.06953125 0.1
0 0.275 0.60390625 0.0796875 0.0796875
0 0.371875 0.596875 0.10078125 0.04765625
0 0.48203125 0.58515625 0.09453125 0.1046875
0 0.61484375 0.6015625 0.07109375 0.096875
0 0.73046875 0.69921875 0.07578125 0.1703125
0 0.5515625 0.73984375 0.08203125 0.15234375
0 0.3984375 0.68125 0.10234375 0.096875
0 0.29609375 0.7515625 0.0875 0.115625
0 0.16875 0.76953125 0.1109375 0.09375
0 0.43515625 0.76875 0.1109375 0.07109375
0 0.353125 0.7859375 0.03828125 0.10234375
0 0.1078125 0.8609375 0.11328125 0.0984375
0 0.0703125 0.95546875 0.140625 0.0625
0 0.2265625 0.9546875 0.10703125 0.090625
0 0.37734375 0.8875 0.146875 0.071875
0 0.52734375 0.946875 0.06328125 0.103125
0 0.6328125 0.94453125 0.1 0.1109375
0 0.75 0.8625 0.06953125 0.1109375
0 0.65390625 0.81328125 0.0625 0.12421875
0 0.37109375 0.96796875 0.11953125 0.06328125
0 0.7734375 0.96875 0.09453125 0.06171875
0 0.8578125 0.91640625 0.0734375 0.0984375
0 0.92578125 0.878125 0.084375 0.1
0 0.940625 0.7953125 0.0796875 0.08125
0 0.97109375 0.66953125 0.05703125 0.14609375
0 0.884375 0.67109375 0.084375 0.09375
0 0.9671875 0.5375 0.065625 0.09375
0 0.8 0.6765625 0.0671875 0.11953125
0 0.8671875 0.78515625 0.05625 0.1484375