0 0.071875 0.1046875 0.14375 0.1484375
0 0.04765625 0.0296875 0.09453125 0.05859375
0 0.178125 0.07421875 0.09453125 0.1484375
0 0.2734375 0.07890625 0.10859375 0.14765625
0 0.353125 0.1078125 0.08046875 0.17578125
0 0.44140625 0.09765625 0.0984375 0.1625
0 0.5359375 0.1078125 0.08359375 0.11953125
0 0.5078125 0.04140625 0.128125 0.08203125
0 0.115625 0.24453125 0.07890625 0.196875
0 0.021875 0.21484375 0.04296875 0.1171875
0 0.2125 0.284375 0.10390625 0.16328125
0 0.3140625 0.2640625 0.10703125 0.16171875
0 0.26640625 0.4609375 0.15078125 0.15
0 0.3640625 0.5234375 0.10234375 0.10703125
0 0.45703125 0.43984375 0.0765625 0.13203125
0 0.5484375 0.38359375 0.0640625 0.1546875
0 0.43046875 0.325 0.071875 0.14453125
0 0.475 0.25859375 0.071875 0.16484375
0 0.5578125 0.22734375 0.0828125 0.11875
0 0.3890625 0.22109375 0.08828125 0.09453125
0 0.43203125 0.66328125 0.15703125 0.11171875
0 0.440625 0.5875 0.1265625 0.06484375
0 0.69296875 0.3109375 0.10625 0.06953125
0 0.75 0.37265625 0.0578125 0.12578125
0 0.80625 0.38125 0.0578125 0.115625
0 0.60078125 0.38828125 0.04453125 0.0875
0 0.671875 0.3859375 0.0875 0.12421875
0 0.7390625 0.51328125 0.07734375 0.12890625
0 0.8 0.5234375 0.0828125 0.1140625
0 0.60078125 0.5078125 0.075 0.115625
0 0.62578125 0.61640625 0.04609375 0.1203125
0 0.72109375 0.603125 0.11171875 0.04765625
0 0.8 0.59765625 0.0859375 0.06640625
0 0.87890625 0.590625 0.06328125 0.10546875
0 0.903125 0.5625 0.05546875 0.08046875
0 0.93515625 0.5359375 0.05546875 0.05546875
0 0.9515625 0.48203125 0.09609375 0.03984375
0 0.9203125 0.40703125 0.05390625 0.1265625
0 0.87109375 0.4546875 0.05546875 0.09453125
0 0.8578125 0.3078125 0.0453125 0.125
0 0.903125 0.3015625 0.03359375 0.11015625
0 0.9390625 0.2984375 0.03515625 0.1
0 0.984375 0.24921875 0.03125 0.103125
0 0.9765625 0.37890625 0.0453125 0.071875
0 0.61953125 0.11640625 0.0734375 0.10859375
0 0.67578125 0.09921875 0.06953125 0.12421875
0 0.66171875 0.11953125 0.0453125 0.10390625
0 0.73828125 0.05234375 0.0703125 0.1046875
0 0.7578125 0.1109375 0.0453125 0.1046875
0 0.8 0.2 0.0671875 0.11796875
0 0.78828125 0.259375 0.05546875 0.08828125
0 0.634375 0.2328125 0.07109375 0.10625
0 0.68671875 0.2328125 0.053125 0.10859375
0 0.7984375 0.05625 0.06328125 0.10234375
0 0.93046875 0.03203125 0.0640625 0.0640625
0 0.97109375 0.08046875 0.053125 0.09609375
0 0.88671875 0.1078125 0.0875 0.15625
0 0.87890625 0.13046875 0.0796875 0.08984375
0 0.9140625 0.2 0.053125 0.09296875
0 0.48828125 0.528125 0.13125 0.06640625
0 0.14140625 0.83125 0.1140625 0.08203125
0 0.24453125 0.85390625 0.05859375 0.0765625
0 0.03125 0.81328125 0.0625 0.09765625
0 0.01953125 0.5015625 0.0390625 0.134375
0 0.340625 0.7 0.065625 0.1765625
0 0.365625 0.796875 0.13515625 0.096875
0 0.1265625 0.95 0.12265625 0.09921875
0 0.23203125 0.97109375 0.0734375 0.0578125
0 0.5046875 0.9734375 0.11328125 0.053125
0 0.528125 0.91171875 0.12265625 0.0765625
0 0.62109375 0.89140625 0.0734375 0.11640625
0 0.7125 0.86484375 0.0625 0.12421875
0 0.65234375 0.79921875 0.06875 0.1328125
0 0.69296875 0.734375 0.06953125 0.16328125
0 0.54921875 0.66328125 0.06953125 0.13671875
0 0.49375 0.7703125 0.07421875 0.1375
0 0.5484375 0.76484375 0.071875 0.121875
0 0.96015625 0.61640625 0.05546875 0.1
0 0.9015625 0.65390625 0.07890625 0.090625
0 0.8453125 0.69453125 0.0796875 0.096875
0 0.93046875 0.76640625 0.0796875 0.12109375
0 0.8703125 0.790625 0.0765625 0.09140625
0 0.79609375 0.81640625 0.065625 0.1078125
0 0.74921875 0.75703125 0.08046875 0.11484375
0 0.7625 0.6578125 0.07734375 0.07109375
0 0.82109375 0.75234375 0.03671875 0.08125
0 0.8234375 0.87734375 0.08984375 0.11953125
0 0.9 0.88125 0.0734375 0.1078125
0 0.92890625 0.971875 0.06484375 0.05546875
0 0.97421875 0.89140625 0.05078125 0.0953125
0 0.96796875 0.790625 0.05625 0.109375
0 0.78515625 0.9546875 0.10390625 0.0546875
0 0.6828125 0.9421875 0.10390625 0.0765625
0 0.6328125 0.978125 0.075 0.04375