0 0.34921875 0.42421875 0.0765625 0.08046875
0 0.51171875 0.41953125 0.146875 0.10390625
0 0.596875 0.61171875 0.15078125 0.140625
0 0.1203125 0.54140625 0.1203125 0.140625
0 0.20078125 0.478125 0.1203125 0.11328125
0 0.05546875 0.78046875 0.11015625 0.13671875
0 0.1640625 0.6921875 0.09375 0.1203125
0 0.27421875 0.5984375 0.0734375 0.08671875
0 0.315625 0.52109375 0.10390625 0.11328125
0 0.66640625 0.80703125 0.1640625 0.11015625
0 0.94453125 0.7421875 0.1109375 0.11328125
0 0.88203125 0.6703125 0.140625 0.090625
0 0.7734375 0.60625 0.11015625 0.096875
0 0.8921875 0.54140625 0.13359375 0.0734375
0 0.8703125 0.46640625 0.14375 0.05
0 0.73515625 0.409375 0.11328125 0.0703125
0 0.715625 0.3359375 0.15390625 0.0703125
0 0.49765625 0.32265625 0.09375 0.05
0 0.51328125 0.2609375 0.08359375 0.0671875
0 0.58984375 0.24375 0.08359375 0.053125
0 0.41796875 0.2421875 0.10703125 0.08359375
0 0.4046875 0.12890625 0.10703125 0.05
0 0.53125 0.1484375 0.06015625 0.06328125
0 0.5578125 0.071875 0.13359375 0.05
0 0.66875 0.18046875 0.0671875 0.0734375
0 0.80390625 0.25234375 0.090625 0.0234375
0 0.846875 0.16171875 0.10390625 0.08359375
0 0.846875 0.3078125 0.06328125 0.0671875
0 0.90078125 0.39296875 0.0765625 0.05
0 0.92734375 0.3125 0.0765625 0.0765625