0 0.13046875 0.24765625 0.10703125 0.15390625
0 0.2140625 0.27890625 0.10703125 0.1234375
0 0.340625 0.24765625 0.12734375 0.10703125
0 0.27734375 0.4546875 0.12734375 0.0671875
0 0.334375 0.68828125 0.1 0.146875
0 0.3890625 0.51796875 0.17734375 0.0734375
0 0.434375 0.56953125 0.12734375 0.08359375
0 0.49140625 0.4609375 0.12734375 0.10703125
0 0.43984375 0.35078125 0.13046875 0.146875
0 0.58515625 0.3796875 0.08046875 0.096875
0 0.48984375 0.25703125 0.11015625 0.09375
0 0.20234375 0.090625 0.096875 0.08046875
0 0.29609375 0.090625 0.090625 0.140625
0 0.36796875 0.11171875 0.09375 0.14375
0 0.4546875 0.1234375 0.11328125 0.1671875
0 0.06875 0.5578125 0.0765625 0.0671875
0 0.1390625 0.93046875 0.14375 0.1171875
0 0.16015625 0.82421875 0.18046875 0.090625
0 0.40078125 0.80703125 0.12734375 0.11015625
0 0.478125 0.75234375 0.08671875 0.13359375
0 0.5765625 0.75234375 0.15078125 0.1
0 0.58125 0.63984375 0.1203125 0.11015625
0 0.628125 0.765625 0.0671875 0.15390625
0 0.534375 0.92890625 0.09375 0.11328125
0 0.66484375 0.92109375 0.11328125 0.13671875
0 0.70703125 0.83359375 0.090625 0.1171875
0 0.6921875 0.7015625 0.0734375 0.12734375
0 0.83359375 0.8609375 0.06328125 0.096875
0 0.80234375 0.77734375 0.03359375 0.1640625
0 0.73671875 0.628125 0.11015625 0.10703125
0 0.840625 0.65859375 0.0765625 0.0734375
0 0.92890625 0.94921875 0.0734375 0.1
0 0.91875 0.82421875 0.06015625 0.15703125
0 0.92109375 0.6734375 0.090625 0.1234375
0 0.89609375 0.5765625 0.08671875 0.10390625
0 0.70859375 0.51484375 0.15390625 0.053125
0 0.8140625 0.503125 0.10390625 0.090625
0 0.71875 0.35234375 0.09375 0.0765625
0 0.621875 0.23046875 0.053125 0.1
0 0.715625 0.2421875 0.10703125 0.1171875
0 0.5515625 0.12734375 0.053125 0.08671875
0 0.7484375 0.125 0.0734375 0.090625
0 0.81015625 0.23359375 0.05 0.08046875
0 0.8703125 0.4578125 0.0765625 0.140625
0 0.8671875 0.30546875 0.05 0.10390625
0 0.909375 0.45625 0.0734375 0.096875
0 0.8859375 0.18046875 0.09375 0.11328125
0 0.84921875 0.07890625 0.0734375 0.096875
0 0.96953125 0.3140625 0.06015625 0.1
0 0.9828125 0.56015625 0.034375 0.14375