0 0.16953125 0.52265625 0.0796875 0.10078125
0 0.2171875 0.509375 0.06953125 0.12265625
0 0.2640625 0.42890625 0.10859375 0.046875
0 0.33515625 0.3828125 0.0484375 0.096875
0 0.29140625 0.5375 0.0546875 0.10078125
0 0.353125 0.46484375 0.0546875 0.0796875
0 0.1640625 0.62265625 0.0484375 0.08359375
0 0.2640625 0.6359375 0.05859375 0.08359375
0 0.340625 0.57265625 0.07578125 0.10078125
0 0.409375 0.496875 0.0625 0.0734375
0 0.44921875 0.496875 0.0875 0.08125
0 0.409375 0.41484375 0.02734375 0.0796875
0 0.46953125 0.4109375 0.06953125 0.06796875
0 0.4640625 0.340625 0.065625 0.09140625
0 0.52109375 0.2921875 0.0796875 0.0484375
0 0.55078125 0.2171875 0.08359375 0.08515625
0 0.57890625 0.12890625 0.065625 0.06796875
0 0.62890625 0.13203125 0.06953125 0.065625
0 0.7015625 0.08515625 0.0640625 0.0734375
0 0.75546875 0.04765625 0.0546875 0.05625
0 0.60078125 0.35546875 0.0328125 0.08125
0 0.6296875 0.30703125 0.040625 0.0734375
0 0.70546875 0.36796875 0.0640625 0.08359375
0 0.69609375 0.303125 0.05625 0.0625
0 0.765625 0.253125 0.0484375 0.05234375
0 0.640625 0.2328125 0.07734375 0.06953125
0 0.68515625 0.2359375 0.0546875 0.03671875
0 0.76796875 0.18671875 0.040625 0.05078125
0 0.7796875 0.11484375 0.0484375 0.065625
0 0.828125 0.1203125 0.05625 0.06953125
0 0.7296875 0.44296875 0.0625 0.0890625
0 0.75390625 0.35078125 0.0328125 0.06015625
0 0.81953125 0.2953125 0.05078125 0.065625
0 0.8109375 0.225 0.071875 0.046875
0 0.8765625 0.15859375 0.05625 0.0796875
0 0.8765625 0.06796875 0.0484375 0.046875
0 0.92734375 0.140625 0.040625 0.071875
0 0.9765625 0.14765625 0.046875 0.096875
0 0.94453125 0.059375 0.06015625 0.071875
0 0.91640625 0.2453125 0.06953125 0.0796875
0 0.68125 0.1671875 0.09296875 0.0546875
0 0.1890625 0.41875 0.0796875 0.0796875
0 0.20703125 0.37265625 0.07578125 0.05859375
0 0.14140625 0.3375 0.10078125 0.0734375
0 0.1828125 0.2890625 0.0390625 0.0625
0 0.22421875 0.246875 0.0953125 0.07734375
0 0.24921875 0.2125 0.07578125 0.0796875
0 0.27109375 0.14921875 0.0484375 0.0546875
0 0.3015625 0.21171875 0.03671875 0.08515625
0 0.3671875 0.1515625 0.0890625 0.065625
0 0.340625 0.09453125 0.08359375 0.06015625
0 0.40546875 0.0984375 0.05859375 0.0796875
0 0.46171875 0.11953125 0.065625 0.0953125
0 0.48671875 0.08828125 0.05234375 0.071875
0 0.54140625 0.0875 0.1046875 0.0546875
0 0.53125 0.05078125 0.10703125 0.03515625
0 0.41484375 0.04765625 0.09140625 0.05625
0 0.2265625 0.09921875 0.071875 0.0625
0 0.253125 0.05546875 0.05625 0.06015625
0 0.3328125 0.04296875 0.06015625 0.03515625
0 0.20703125 0.028125 0.0953125 0.03671875
0 0.27265625 0.1265625 0.0484375 0.02734375
0 0.26328125 0.33359375 0.05625 0.09296875
0 0.2875 0.30078125 0.065625 0.065625
0 0.35234375 0.26953125 0.06015625 0.0734375
0 0.3890625 0.33203125 0.0796875 0.0734375
0 0.440625 0.24453125 0.065625 0.0890625
0 0.48125 0.190625 0.0625 0.06953125
0 0.56015625 0.3390625 0.071875 0.103125
0 0.08515625 0.48046875 0.06953125 0.08359375
0 0.284375 0.47109375 0.0484375 0.04453125
0 0.5078125 0.44140625 0.0484375 0.0953125
0 0.3828125 0.8046875 0.05078125 0.071875
0 0.42421875 0.7390625 0.09140625 0.08359375
0 0.415625 0.67109375 0.07734375 0.0640625
0 0.459375 0.6046875 0.0796875 0.08359375
0 0.47890625 0.57265625 0.06015625 0.08515625
0 0.52734375 0.5609375 0.06796875 0.08125
0 0.56875 0.56953125 0.05859375 0.0953125
0 0.57578125 0.47265625 0.04453125 0.0484375
0 0.621875 0.55703125 0.0484375 0.0890625
0 0.65390625 0.48984375 0.05859375 0.05234375
0 0.64140625 0.44375 0.07578125 0.05625
0 0.79375 0.4046875 0.046875 0.09140625
0 0.8234375 0.5484375 0.08125 0.10703125
0 0.85234375 0.48046875 0.04296875 0.06796875
0 0.83359375 0.41875 0.040625 0.071875
0 0.8609375 0.3609375 0.0484375 0.10859375
0 0.8890625 0.428125 0.065625 0.06796875
0 0.9578125 0.340625 0.08359375 0.0640625
0 0.83984375 0.66875 0.0640625 0.07578125
0 0.85546875 0.59765625 0.10703125 0.0390625
0 0.896875 0.5375 0.03515625 0.08125
0 0.65234375 0.56484375 0.06953125 0.07734375
0 0.73203125 0.53671875 0.08515625 0.08359375
0 0.75234375 0.70703125 0.10703125 0.046875
0 0.7375 0.63203125 0.065625 0.071875
0 0.59765625 0.68984375 0.08125 0.103125
0 0.61328125 0.66328125 0.06953125 0.07578125
0 0.29453125 0.70546875 0.05625 0.07578125
0 0.51640625 0.6765625 0.07734375 0.040625
0 0.47265625 0.8453125 0.06015625 0.07578125
0 0.55078125 0.77734375 0.0953125 0.06796875
0 0.67734375 0.7671875 0.08515625 0.05078125
0 0.80390625 0.75546875 0.08515625 0.06953125
0 0.94140625 0.72734375 0.11640625 0.05234375
0 0.9515625 0.6609375 0.065625 0.0796875
0 0.9640625 0.55234375 0.071875 0.0796875
0 0.06484375 0.5796875 0.06015625 0.0796875
0 0.140625 0.7078125 0.08359375 0.06796875
0 0.19921875 0.88828125 0.0796875 0.07578125
0 0.24375 0.85 0.03671875 0.09296875
0 0.17578125 0.7875 0.04453125 0.05625
0 0.22265625 0.95234375 0.071875 0.0953125
0 0.30859375 0.9078125 0.0734375 0.05625
0 0.40546875 0.9046875 0.046875 0.08125
0 0.596875 0.87265625 0.0953125 0.0875
0 0.8375 0.84296875 0.12265625 0.065625
0 0.93984375 0.86328125 0.065625 0.07578125
0 0.95625 0.7875 0.06796875 0.0640625