0 0.3671875 0.7453125 0.06875 0.06171875
0 0.40625 0.81171875 0.08203125 0.05546875
0 0.1546875 0.65234375 0.05859375 0.0703125
0 0.3453125 0.51484375 0.05625 0.071875
0 0.4125 0.54375 0.0546875 0.05390625
0 0.3453125 0.40703125 0.06015625 0.0609375
0 0.05078125 0.51640625 0.05390625 0.06796875
0 0.10546875 0.45078125 0.0578125 0.06875
0 0.56328125 0.7578125 0.0625 0.06328125
0 0.43515625 0.67578125 0.05078125 0.04921875
0 0.4609375 0.6328125 0.0515625 0.05859375
0 0.39296875 0.20625 0.04453125 0.08046875