0 0.71484375 0.6703125 0.03828125 0.05859375
0 0.41015625 0.67578125 0.04765625 0.05
0 0.48828125 0.659375 0.040625 0.046875
0 0.5484375 0.5890625 0.0390625 0.04453125
0 0.6 0.559375 0.0390625 0.0390625
0 0.60703125 0.559375 0.0328125 0.0453125
0 0.31328125 0.34921875 0.03671875 0.03828125
0 0.30390625 0.31953125 0.03828125 0.0375
0 0.346875 0.2953125 0.02890625 0.04296875
0 0.390625 0.3390625 0.03828125 0.05625
0 0.4484375 0.30703125 0.046875 0.0421875
0 0.41796875 0.28125 0.02578125 0.03671875
0 0.5 0.36484375 0.046875 0.04296875
0 0.51484375 0.51640625 0.040625 0.04921875
0 0.60546875 0.471875 0.0328125 0.04453125
0 0.6328125 0.475 0.02890625 0.05
0 0.53515625 0.7078125 0.0296875 0.04765625
0 0.5671875 0.7078125 0.0328125 0.03671875
0 0.31328125 0.84453125 0.05 0.059375
0 0.39453125 0.8125 0.0328125 0.04296875
0 0.43515625 0.81171875 0.04296875 0.03515625
0 0.42734375 0.76484375 0.06171875 0.0484375
0 0.39765625 0.97421875 0.04609375 0.0515625
0 0.43125 0.95703125 0.02890625 0.03203125
0 0.4234375 0.8890625 0.03046875 0.03203125
0 0.3390625 0.9703125 0.0546875 0.05078125
0 0.20546875 0.9578125 0.03828125 0.0359375
0 0.18203125 0.84453125 0.04140625 0.040625
0 0.04765625 0.803125 0.0484375 0.0640625
0 0.1671875 0.70703125 0.04609375 0.0453125
0 0.19375 0.5734375 0.04609375 0.0359375
0 0.265625 0.640625 0.04453125 0.04375
0 0.37890625 0.58984375 0.0390625 0.0421875
0 0.42421875 0.53359375 0.03515625 0.03671875
0 0.3265625 0.51484375 0.04375 0.0453125
0 0.95703125 0.50703125 0.06171875 0.0796875
0 0.79453125 0.78046875 0.0703125 0.05859375
0 0.95703125 0.9203125 0.0546875 0.07890625
0 0.8171875 0.98203125 0.065625 0.03515625
0 0.7640625 0.5484375 0.05625 0.0765625
0 0.065625 0.3921875 0.04375 0.0578125
0 0.25703125 0.89921875 0.04453125 0.0421875
0 0.26328125 0.77265625 0.04765625 0.05390625
0 0.2609375 0.73359375 0.0390625 0.03828125
0 0.30859375 0.6625 0.04375 0.05390625
0 0.4515625 0.59296875 0.05390625 0.05234375
0 0.49609375 0.4875 0.0390625 0.0421875
0 0.7265625 0.35390625 0.05078125 0.04453125
0 0.78046875 0.70234375 0.0359375 0.04296875