0 0.88203125 0.5828125 0.10625 0.1828125
0 0.76328125 0.9671875 0.07578125 0.065625
0 0.8515625 0.9484375 0.109375 0.103125
0 0.953125 0.95859375 0.09375 0.078125
0 0.940625 0.78984375 0.11875 0.15625
0 0.7640625 0.86328125 0.1140625 0.13828125
0 0.82734375 0.68671875 0.11953125 0.18359375
0 0.753125 0.7609375 0.09453125 0.190625
0 0.98046875 0.540625 0.0390625 0.165625
0 0.6328125 0.85546875 0.12578125 0.16640625
0 0.4703125 0.878125 0.10390625 0.19453125
0 0.63515625 0.978125 0.11328125 0.04375
0 0.35234375 0.79140625 0.1125 0.22265625
0 0.2453125 0.81875 0.09609375 0.2296875
0 0.10390625 0.915625 0.146875 0.16875
0 0.09140625 0.5671875 0.18203125 0.23515625
0 0.25078125 0.50703125 0.1171875 0.2171875
0 0.3953125 0.55390625 0.1578125 0.1609375
0 0.525 0.5265625 0.0828125 0.15078125
0 0.64140625 0.54609375 0.15234375 0.115625
0 0.6546875 0.68828125 0.1359375 0.121875
0 0.7640625 0.4765625 0.10390625 0.16796875
0 0.959375 0.421875 0.08046875 0.14453125
0 0.8703125 0.4 0.08515625 0.17734375
0 0.6453125 0.41015625 0.10390625 0.1109375
0 0.77421875 0.17734375 0.196875 0.1125
0 0.76484375 0.29453125 0.06796875 0.11328125
0 0.84140625 0.31015625 0.1390625 0.1484375
0 0.94453125 0.19296875 0.1109375 0.12109375
0 0.86640625 0.07421875 0.09765625 0.14765625
0 0.95546875 0.03046875 0.08515625 0.0609375
0 0.7484375 0.05703125 0.10625 0.1140625
0 0.66015625 0.025 0.109375 0.05
0 0.5390625 0.159375 0.115625 0.2234375
0 0.55 0.32265625 0.20703125 0.1296875
0 0.415625 0.384375 0.20859375 0.09296875
0 0.1125 0.29609375 0.21796875 0.1578125
0 0.0703125 0.0921875 0.12890625 0.184375
0 0.1921875 0.06953125 0.115625 0.1390625
0 0.32734375 0.1609375 0.11953125 0.27109375
0 0.42421875 0.1125 0.1421875 0.21796875