0 0.69375 0.24765625 0.0421875 0.09296875
0 0.6984375 0.31328125 0.03671875 0.07890625
0 0.6828125 0.38984375 0.0484375 0.09609375
0 0.284375 0.39296875 0.0515625 0.06640625
0 0.34375 0.4078125 0.0625 0.05546875
0 0.23125 0.434375 0.0625 0.053125
0 0.378125 0.196875 0.0640625 0.0671875
0 0.45 0.19765625 0.0625 0.09609375
0 0.10625 0.42265625 0.09453125 0.04375
0 0.2734375 0.31875 0.07265625 0.06484375
0 0.184375 0.17265625 0.0703125 0.0640625
0 0.12109375 0.20859375 0.03671875 0.08671875
0 0.5671875 0.5765625 0.053125 0.0875
0 0.61640625 0.59453125 0.0453125 0.075
0 0.6640625 0.6265625 0.0390625 0.071875
0 0.65 0.56953125 0.02265625 0.03046875