0 0.26328125 0.77109375 0.04140625 0.03828125
0 0.33203125 0.71171875 0.06171875 0.0796875
0 0.303125 0.7875 0.0578125 0.04375
0 0.42421875 0.83984375 0.03828125 0.03828125
0 0.48984375 0.84765625 0.040625 0.03046875
0 0.4359375 0.96640625 0.0328125 0.0671875
0 0.52265625 0.9109375 0.0625 0.090625
0 0.48125 0.98515625 0.0375 0.0296875
0 0.14296875 0.93203125 0.03828125 0.03828125
0 0.484375 0.590625 0.0328125 0.034375
0 0.51015625 0.615625 0.04296875 0.05703125
0 0.2796875 0.61796875 0.06015625 0.0515625