0 0.4265625 0.39375 0.08671875 0.1546875
0 0.06796875 0.83515625 0.1359375 0.0671875
0 0.0796875 0.9359375 0.0609375 0.06953125
0 0.48671875 0.925 0.0796875 0.15
0 0.61484375 0.91484375 0.0953125 0.1703125
0 0.7234375 0.9359375 0.0875 0.128125
0 0.85 0.9171875 0.07421875 0.165625
0 0.93125 0.86796875 0.1375 0.20078125
0 0.7546875 0.78046875 0.071875 0.17578125
0 0.66015625 0.6921875 0.10703125 0.20703125
0 0.5171875 0.7515625 0.1203125 0.11171875
0 0.365625 0.75078125 0.17265625 0.0890625
0 0.45 0.66640625 0.14375 0.11875
0 0.52890625 0.59453125 0.0734375 0.1609375
0 0.31953125 0.62109375 0.13046875 0.0953125
0 0.27421875 0.73203125 0.153125 0.065625
0 0.2421875 0.69296875 0.128125 0.0984375
0 0.0921875 0.71328125 0.08359375 0.1359375
0 0.19296875 0.92734375 0.10390625 0.1453125
0 0.29765625 0.96015625 0.0546875 0.0796875
0 0.2625 0.875 0.065625 0.1515625
0 0.31484375 0.865625 0.06953125 0.1390625
0 0.41328125 0.8640625 0.090625 0.15234375
0 0.36953125 0.95703125 0.0671875 0.08515625
0 0.16015625 0.62734375 0.08046875 0.0578125
0 0.03046875 0.58671875 0.06015625 0.12265625
0 0.11953125 0.54609375 0.1140625 0.075
0 0.23359375 0.47265625 0.07421875 0.1015625
0 0.1046875 0.4390625 0.0890625 0.15234375
0 0.040625 0.484375 0.08125 0.11171875
0 0.16171875 0.3140625 0.06796875 0.1328125
0 0.29140625 0.40390625 0.09375 0.14140625
0 0.57578125 0.465625 0.08828125 0.16875
0 0.34921875 0.5203125 0.05859375 0.12421875
0 0.425 0.51875 0.05 0.1296875
0 0.56953125 0.265625 0.06796875 0.15234375
0 0.68984375 0.32578125 0.16328125 0.0546875
0 0.72265625 0.39921875 0.146875 0.065625
0 0.7640625 0.4390625 0.11796875 0.10859375
0 0.79296875 0.5765625 0.1109375 0.1921875
0 0.878125 0.5296875 0.1109375 0.1453125
0 0.95703125 0.6453125 0.08515625 0.159375
0 0.84453125 0.690625 0.17109375 0.14375
0 0.91484375 0.46328125 0.13984375 0.0625
0 0.8921875 0.39296875 0.1359375 0.06953125
0 0.9625 0.23828125 0.075 0.140625
0 0.8734375 0.24375 0.08046875 0.171875
0 0.76640625 0.1921875 0.0953125 0.09609375
0 0.67421875 0.165625 0.08359375 0.15234375
0 0.578125 0.10546875 0.0890625 0.1265625
0 0.4078125 0.2765625 0.0890625 0.1078125
0 0.39140625 0.203125 0.11953125 0.06796875
0 0.471875 0.15859375 0.1109375 0.05859375
0 0.4890625 0.06328125 0.10546875 0.1265625
0 0.41484375 0.0640625 0.09375 0.128125
0 0.346875 0.0921875 0.078125 0.1671875
0 0.25390625 0.08828125 0.078125 0.1515625
0 0.26015625 0.23359375 0.071875 0.12890625
0 0.21796875 0.20703125 0.06015625 0.09921875
0 0.04609375 0.1828125 0.05703125 0.12421875
0 0.08671875 0.15234375 0.04609375 0.09921875
0 0.1515625 0.09921875 0.0640625 0.14453125
0 0.02578125 0.38515625 0.0515625 0.1046875
0 0.06875 0.2890625 0.06015625 0.10546875
0 0.13515625 0.271875 0.075 0.11796875
0 0.04453125 0.0859375 0.08125 0.06015625
0 0.9390625 0.0890625 0.0796875 0.178125
0 0.7984375 0.128125 0.05859375 0.11484375
0 0.73515625 0.07421875 0.11171875 0.08984375
0 0.853125 0.040625 0.109375 0.08125
0 0.6890625 0.0203125 0.15390625 0.040625
0 0.209375 0.5625 0.07578125 0.06015625
0 0.4828125 0.5 0.08515625 0.13984375