0 0.28046875 0.2890625 0.0671875 0.14765625
0 0.33984375 0.19296875 0.1109375 0.13203125
0 0.0578125 0.21640625 0.06015625 0.09921875
0 0.08125 0.11015625 0.1296875 0.10859375
0 0.64375 0.053125 0.11796875 0.096875
0 0.625 0.16171875 0.10390625 0.125
0 0.62734375 0.26953125 0.053125 0.11796875
0 0.7 0.315625 0.096875 0.13671875
0 0.72578125 0.2046875 0.115625 0.09921875
0 0.88203125 0.12734375 0.10390625 0.1390625
0 0.51796875 0.2703125 0.096875 0.134375
0 0.43828125 0.3375 0.13203125 0.1203125
0 0.46953125 0.53046875 0.06953125 0.16875
0 0.465625 0.4140625 0.08984375 0.07890625
0 0.53203125 0.5046875 0.06953125 0.1546875
0 0.61015625 0.51796875 0.05546875 0.134375
0 0.3375 0.50390625 0.17109375 0.06953125
0 0.3375 0.38515625 0.06953125 0.10390625
0 0.23828125 0.45625 0.16171875 0.08125
0 0.12265625 0.35625 0.14296875 0.115625
0 0.13046875 0.23359375 0.04375 0.115625
0 0.203125 0.271875 0.05546875 0.12265625
0 0.07734375 0.471875 0.08125 0.115625
0 0.084375 0.6515625 0.0625 0.125
0 0.146875 0.646875 0.10390625 0.1296875
0 0.2390625 0.66328125 0.11796875 0.06953125
0 0.346875 0.69921875 0.1203125 0.10859375
0 0.3421875 0.62734375 0.125 0.10859375
0 0.3859375 0.8625 0.14296875 0.06484375
0 0.421875 0.79296875 0.08515625 0.16171875
0 0.48671875 0.73828125 0.08515625 0.178125
0 0.5828125 0.67109375 0.1203125 0.11796875
0 0.675 0.64140625 0.1109375 0.140625
0 0.675 0.5328125 0.115625 0.0765625
0 0.69140625 0.825 0.06953125 0.0921875
0 0.79140625 0.746875 0.1546875 0.07421875
0 0.38828125 0.93046875 0.05078125 0.053125
0 0.290625 0.9734375 0.14375 0.053125
0 0.221875 0.9359375 0.096875 0.05546875
0 0.04765625 0.93984375 0.0921875 0.1203125
0 0.11328125 0.95859375 0.07890625 0.0828125
0 0.1609375 0.8078125 0.08515625 0.140625
0 0.25390625 0.79609375 0.1015625 0.13203125
0 0.0484375 0.83984375 0.096875 0.09453125