0 0.43515625 0.56328125 0.028125 0.04296875
0 0.4625 0.61640625 0.02421875 0.0421875
0 0.490625 0.578125 0.025 0.0359375
0 0.48203125 0.50078125 0.02890625 0.03046875
0 0.34609375 0.50078125 0.0234375 0.03984375
0 0.27890625 0.496875 0.02265625 0.040625
0 0.2796875 0.425 0.02578125 0.03359375
0 0.24296875 0.3546875 0.0375 0.040625
0 0.30546875 0.33984375 0.0359375 0.03125
0 0.6671875 0.61328125 0.03203125 0.02578125
0 0.6703125 0.57578125 0.04609375 0.021875
0 0.68359375 0.71484375 0.040625 0.04453125
0 0.6875 0.684375 0.0328125 0.03046875
0 0.78671875 0.63203125 0.02734375 0.02734375
0 0.7515625 0.5921875 0.02890625 0.02578125
0 0.6828125 0.35703125 0.02734375 0.03359375
0 0.625 0.38359375 0.01875 0.03046875
0 0.62578125 0.3625 0.02578125 0.0296875
0 0.61796875 0.3328125 0.02421875 0.0328125
0 0.81015625 0.41328125 0.01953125 0.03828125
0 0.85234375 0.39453125 0.0234375 0.03828125
0 0.9421875 0.7015625 0.0390625 0.0265625