0 0.26953125 0.1140625 0.0703125 0.10625
0 0.29921875 0.04921875 0.0640625 0.0984375
0 0.43046875 0.0734375 0.1359375 0.146875
0 0.51015625 0.1234375 0.0828125 0.2046875
0 0.60390625 0.13203125 0.0640625 0.1953125
0 0.7296875 0.20546875 0.11484375 0.175
0 0.8046875 0.0390625 0.115625 0.078125
0 0.93203125 0.10859375 0.08203125 0.165625
0 0.96875 0.215625 0.06171875 0.1078125
0 0.271875 0.3265625 0.1046875 0.2015625
0 0.16875 0.3921875 0.11640625 0.184375
0 0.0640625 0.42734375 0.12734375 0.175
0 0.14765625 0.5578125 0.18359375 0.1
0 0.040625 0.771875 0.08046875 0.25546875
0 0.13046875 0.97265625 0.1609375 0.0546875
0 0.22890625 0.86640625 0.15625 0.1953125
0 0.30234375 0.71484375 0.16953125 0.1546875
0 0.33984375 0.55234375 0.18671875 0.08046875
0 0.365625 0.42890625 0.11875 0.16171875
0 0.428125 0.2859375 0.1796875 0.0921875
0 0.48125 0.45 0.07578125 0.1859375
0 0.459375 0.671875 0.07578125 0.23671875
0 0.3625 0.965625 0.05859375 0.06875
0 0.4078125 0.89375 0.13671875 0.1453125
0 0.55078125 0.946875 0.1078125 0.10625
0 0.65 0.9078125 0.09140625 0.184375
0 0.73515625 0.89296875 0.0859375 0.2109375
0 0.54921875 0.57109375 0.075 0.19453125
0 0.54296875 0.80546875 0.12421875 0.15078125
0 0.6390625 0.74375 0.1140625 0.08671875
0 0.784375 0.72421875 0.14375 0.09765625
0 0.74765625 0.590625 0.0703125 0.1734375
0 0.671875 0.63046875 0.08359375 0.15703125
0 0.646875 0.48515625 0.1015625 0.16328125
0 0.884375 0.30234375 0.0625 0.15625
0 0.9453125 0.34765625 0.0703125 0.16328125
0 0.878125 0.465625 0.05703125 0.15390625
0 0.95625 0.48359375 0.0875 0.153125
0 0.965625 0.6296875 0.06484375 0.128125
0 0.89609375 0.63984375 0.0796875 0.1859375
0 0.89609375 0.821875 0.0671875 0.1453125
0 0.81484375 0.80859375 0.0703125 0.13515625
0 0.8484375 0.94375 0.13828125 0.090625
0 0.96484375 0.9234375 0.0703125 0.153125
0 0.95390625 0.7453125 0.06796875 0.13671875
0 0.57890625 0.3578125 0.08046875 0.20234375
0 0.80859375 0.41171875 0.08203125 0.15703125
0 0.8015625 0.58984375 0.0703125 0.1453125
0 0.696875 0.34375 0.12578125 0.134375
0 0.83359375 0.22265625 0.0546875 0.17109375