0 0.5953125 0.8890625 0.03359375 0.0421875
0 0.55546875 0.878125 0.02109375 0.040625
0 0.59609375 0.94375 0.015625 0.034375
0 0.60234375 0.98671875 0.0234375 0.0265625
0 0.534375 0.959375 0.0203125 0.01875
0 0.41015625 0.93359375 0.0296875 0.028125
0 0.86484375 0.80234375 0.0203125 0.0328125
0 0.653125 0.33359375 0.0390625 0.0171875
0 0.5828125 0.29609375 0.0328125 0.01875
0 0.58984375 0.43359375 0.0296875 0.01796875
0 0.75 0.47890625 0.02421875 0.02734375
0 0.30390625 0.2296875 0.04140625 0.0359375
0 0.35703125 0.21640625 0.0203125 0.0171875
0 0.4109375 0.30390625 0.0390625 0.01953125
0 0.3625 0.2953125 0.0234375 0.03125
0 0.26328125 0.32890625 0.0125 0.0328125
0 0.28828125 0.4765625 0.0171875 0.02890625
0 0.31796875 0.471875 0.01015625 0.01328125
0 0.4734375 0.48046875 0.01328125 0.025
0 0.5125 0.490625 0.01796875 0.03984375
0 0.43671875 0.55390625 0.04140625 0.028125
0 0.4421875 0.52265625 0.01171875 0.0140625
0 0.371875 0.54375 0.0140625 0.03515625
0 0.34609375 0.79296875 0.015625 0.03203125
0 0.25390625 0.26015625 0.02109375 0.01171875
0 0.171875 0.25234375 0.02578125 0.0171875