0 0.7265625 0.09375 0.08203125 0.13984375
0 0.8453125 0.175 0.10234375 0.2125
0 0.96796875 0.175 0.06328125 0.1859375
0 0.6828125 0.22578125 0.10859375 0.1828125
0 0.559375 0.053125 0.1390625 0.10546875
0 0.3546875 0.07109375 0.12421875 0.0875
0 0.25390625 0.040625 0.06484375 0.05703125
0 0.4375 0.0203125 0.1078125 0.02890625
0 0.0296875 0.2453125 0.059375 0.115625
0 0.10234375 0.19453125 0.07734375 0.15703125
0 0.14921875 0.25703125 0.0625 0.1421875
0 0.23828125 0.265625 0.06796875 0.10546875
0 0.3046875 0.19765625 0.140625 0.09375
0 0.2546875 0.43984375 0.0515625 0.13203125
0 0.32109375 0.3734375 0.08828125 0.13515625
0 0.3796875 0.31796875 0.06640625 0.14375
0 0.42109375 0.23671875 0.06875 0.125
0 0.53125 0.18671875 0.13046875 0.125
0 0.5734375 0.34921875 0.0921875 0.1390625
0 0.66015625 0.353125 0.10234375 0.14453125
0 0.75078125 0.46640625 0.0734375 0.1859375
0 0.8203125 0.4171875 0.06328125 0.17734375
0 0.87578125 0.44609375 0.07890625 0.21171875
0 0.9703125 0.4265625 0.059375 0.1375
0 0.95 0.54453125 0.08125 0.1390625
0 0.89296875 0.9046875 0.0625 0.190625
0 0.96484375 0.94140625 0.0703125 0.1171875
0 0.9640625 0.8296875 0.07109375 0.0890625
0 0.93515625 0.7375 0.1296875 0.06875
0 0.89375 0.66953125 0.08125 0.1421875
0 0.7390625 0.7984375 0.07890625 0.165625
0 0.79921875 0.70234375 0.09765625 0.20703125
0 0.62734375 0.9234375 0.09609375 0.140625
0 0.50546875 0.91015625 0.1515625 0.0765625
0 0.3984375 0.90625 0.0734375 0.1375
0 0.471875 0.78671875 0.0984375 0.09765625
0 0.56484375 0.77421875 0.08203125 0.15859375
0 0.65 0.76015625 0.071875 0.153125
0 0.546875 0.64140625 0.14765625 0.08203125
0 0.43046875 0.596875 0.0609375 0.14609375
0 0.2875 0.6578125 0.0953125 0.14921875
0 0.1765625 0.82578125 0.08359375 0.14375
0 0.19921875 0.7453125 0.14296875 0.06015625
0 0.26171875 0.85390625 0.0859375 0.13359375
0 0.34453125 0.8765625 0.05703125 0.11640625
0 0.36328125 0.4875 0.1109375 0.1203125
0 0.453125 0.43125 0.140625 0.08671875
0 0.165625 0.60625 0.10625 0.075
0 0.1734375 0.53203125 0.08515625 0.10390625
0 0.20078125 0.67578125 0.05859375 0.07109375
0 0.03671875 0.5296875 0.0734375 0.109375
0 0.096875 0.50390625 0.0421875 0.05078125
0 0.09921875 0.39296875 0.0546875 0.11171875
0 0.103125 0.3421875 0.11171875 0.08046875
0 0.08359375 0.85078125 0.10703125 0.08203125
0 0.24453125 0.93359375 0.14921875 0.065625
0 0.13046875 0.95859375 0.06796875 0.0828125
0 0.77578125 0.971875 0.1515625 0.05625
0 0.0890625 0.70625 0.07578125 0.13828125
0 0.0203125 0.41328125 0.040625 0.14609375