0 0.2640625 0.58125 0.040625 0.0421875
0 0.17734375 0.54453125 0.0375 0.04453125
0 0.19375 0.67890625 0.03125 0.05
0 0.2 0.8328125 0.03515625 0.05
0 0.40234375 0.775 0.0453125 0.0453125
0 0.45 0.69921875 0.046875 0.05
0 0.51875 0.76484375 0.02734375 0.059375
0 0.56796875 0.79765625 0.05546875 0.0390625
0 0.596875 0.89609375 0.0359375 0.053125
0 0.646875 0.85234375 0.05078125 0.0640625
0 0.64296875 0.8 0.0453125 0.0546875
0 0.73203125 0.7609375 0.0328125 0.06640625
0 0.84921875 0.653125 0.07734375 0.0421875
0 0.5125 0.9578125 0.071875 0.04765625
0 0.65625 0.94765625 0.05234375 0.046875
0 0.54296875 0.88125 0.0671875 0.05625
0 0.36015625 0.453125 0.03671875 0.03359375
0 0.5046875 0.4421875 0.059375 0.040625
0 0.5734375 0.5515625 0.06171875 0.03125
0 0.56015625 0.51796875 0.0578125 0.025
0 0.546875 0.4796875 0.0375 0.03984375
0 0.65546875 0.3515625 0.02734375 0.0359375
0 0.69296875 0.3078125 0.04140625 0.04609375
0 0.19453125 0.42578125 0.0234375 0.04140625
0 0.19453125 0.10625 0.03046875 0.0390625
0 0.25078125 0.0546875 0.03046875 0.03828125
0 0.0234375 0.83671875 0.046875 0.0375
0 0.109375 0.89765625 0.05 0.05390625