0 0.15625 0.08203125 0.1046875 0.146875
0 0.06796875 0.11640625 0.06171875 0.14140625
0 0.1453125 0.1703125 0.0875 0.13828125
0 0.22109375 0.1796875 0.08515625 0.13828125
0 0.078125 0.03203125 0.04453125 0.0640625
0 0.01640625 0.115625 0.03203125 0.14296875
0 0.0359375 0.034375 0.046875 0.06796875
0 0.25078125 0.06796875 0.1015625 0.13203125
0 0.32265625 0.05390625 0.0734375 0.1078125
0 0.353125 0.16640625 0.0921875 0.11171875
0 0.275 0.15703125 0.0578125 0.0453125
0 0.38125 0.128125 0.0859375 0.12421875
0 0.45390625 0.0625 0.1296875 0.125
0 0.4109375 0.078125 0.0890625 0.0796875
0 0.54140625 0.04609375 0.0609375 0.090625
0 0.5828125 0.03046875 0.0453125 0.06015625
0 0.5875 0.13046875 0.07109375 0.12890625
0 0.5234375 0.140625 0.065625 0.10546875
0 0.50390625 0.19140625 0.06484375 0.12109375
0 0.46796875 0.17265625 0.04765625 0.090625
0 0.45078125 0.3 0.08359375 0.13125
0 0.3828125 0.27578125 0.10859375 0.10703125
0 0.32734375 0.28671875 0.0703125 0.11484375
0 0.2265625 0.28828125 0.11953125 0.06484375
0 0.08984375 0.2640625 0.17265625 0.09375
0 0.1046875 0.3640625 0.06484375 0.11953125
0 0.19296875 0.4046875 0.09453125 0.13046875
0 0.33203125 0.4046875 0.06875 0.109375
0 0.25859375 0.40234375 0.065625 0.08828125
0 0.40078125 0.3640625 0.10234375 0.05234375
0 0.4671875 0.4640625 0.07109375 0.096875
0 0.53984375 0.41171875 0.078125 0.08515625
0 0.5734375 0.2859375 0.06953125 0.12265625
0 0.6234375 0.271875 0.0546875 0.14453125
0 0.68671875 0.2171875 0.046875 0.1171875
0 0.6421875 0.13515625 0.04296875 0.12734375
0 0.6296875 0.0234375 0.03671875 0.04609375
0 0.6828125 0.08203125 0.0671875 0.1234375
0 0.7609375 0.14921875 0.05859375 0.14453125
0 0.7828125 0.22265625 0.04140625 0.0625
0 0.77109375 0.21015625 0.02890625 0.09453125
0 0.7703125 0.3046875 0.0734375 0.1046875
0 0.70546875 0.3140625 0.07421875 0.11875
0 0.68515625 0.40703125 0.075 0.1171875
0 0.62109375 0.39140625 0.1078125 0.12109375
0 0.60546875 0.48359375 0.0875 0.0921875
0 0.703125 0.50234375 0.08984375 0.103125
0 0.659375 0.58671875 0.06953125 0.10859375
0 0.490625 0.58359375 0.07890625 0.12421875
0 0.40078125 0.48359375 0.128125 0.06171875
0 0.38125 0.5796875 0.08828125 0.14453125
0 0.28515625 0.6265625 0.0921875 0.10703125
0 0.3703125 0.68984375 0.090625 0.11875
0 0.284375 0.6828125 0.071875 0.12265625
0 0.2046875 0.6625 0.0734375 0.12890625
0 0.13359375 0.64140625 0.115625 0.14453125
0 0.165625 0.5140625 0.10390625 0.11796875
0 0.23359375 0.53046875 0.08203125 0.12265625
0 0.2875 0.50546875 0.0640625 0.11796875
0 0.0609375 0.534375 0.11640625 0.1546875
0 0.1328125 0.46328125 0.0640625 0.09296875
0 0.02734375 0.36015625 0.0546875 0.09921875
0 0.03203125 0.6796875 0.0640625 0.1375
0 0.47265625 0.7015625 0.0921875 0.059375
0 0.44765625 0.74921875 0.121875 0.03125
0 0.3734375 0.76171875 0.04609375 0.0578125
0 0.53203125 0.7828125 0.08125 0.0484375
0 0.5578125 0.753125 0.09921875 0.03984375
0 0.5671875 0.70546875 0.09375 0.06171875
0 0.7890625 0.7234375 0.0875 0.0515625
0 0.95546875 0.66640625 0.0890625 0.05546875
0 0.67109375 0.67265625 0.06171875 0.0390625
0 0.75 0.68671875 0.05390625 0.053125
0 0.77734375 0.64921875 0.06328125 0.1015625
0 0.725 0.63125 0.0515625 0.11328125
0 0.88515625 0.59921875 0.1046875 0.075
0 0.86875 0.5625 0.046875 0.0875
0 0.81484375 0.609375 0.0484375 0.103125
0 0.759375 0.575 0.06953125 0.08125
0 0.90625 0.40390625 0.0546875 0.1203125
0 0.9125 0.48515625 0.03203125 0.075
0 0.95859375 0.484375 0.04140625 0.084375
0 0.984375 0.52421875 0.03046875 0.0921875
0 0.9734375 0.5859375 0.053125 0.09453125
0 0.90859375 0.55 0.028125 0.0390625
0 0.84140625 0.45703125 0.06015625 0.09453125
0 0.8015625 0.48203125 0.0375 0.07421875
0 0.7546875 0.48515625 0.0484375 0.065625
0 0.9125 0.265625 0.0609375 0.125
0 0.96640625 0.334375 0.0671875 0.090625
0 0.8125 0.3453125 0.05078125 0.08203125
0 0.85078125 0.375 0.04375 0.065625
0 0.846875 0.20859375 0.09453125 0.1109375
0 0.9703125 0.1796875 0.059375 0.09375
0 0.97890625 0.2625 0.04140625 0.05234375
0 0.853125 0.04453125 0.06796875 0.0875
0 0.85546875 0.13203125 0.07265625 0.0875
0 0.92421875 0.15390625 0.046875 0.08984375
0 0.7484375 0.04921875 0.04921875 0.0875
0 0.8015625 0.05078125 0.0390625 0.09453125
0 0.9265625 0.05859375 0.0984375 0.08671875
0 0.85234375 0.2765625 0.04140625 0.0421875
0 0.86328125 0.3265625 0.03359375 0.04609375
0 0.7296875 0.38671875 0.078125 0.034375
0 0.75234375 0.44140625 0.08046875 0.059375
0 0.8890625 0.65703125 0.06796875 0.05390625
0 0.640625 0.721875 0.0859375 0.05
0 0.57734375 0.6625 0.06875 0.07734375
0 0.5796875 0.54765625 0.04765625 0.034375
0 0.59765625 0.61328125 0.04609375 0.0359375