0 0.60703125 0.42109375 0.10390625 0.14609375
0 0.74765625 0.55625 0.1203125 0.14296875
0 0.8671875 0.52578125 0.07890625 0.1875
0 0.9578125 0.471875 0.08359375 0.16484375
0 0.16015625 0.82890625 0.1125 0.15625
0 0.0765625 0.5828125 0.1515625 0.11484375
0 0.19765625 0.4796875 0.0875 0.1734375
0 0.0578125 0.42421875 0.09375 0.17578125
0 0.0234375 0.334375 0.046875 0.096875
0 0.08828125 0.21015625 0.11484375 0.125
0 0.046875 0.125 0.09375 0.09609375
0 0.046875 0.0375 0.09375 0.075
0 0.28671875 0.9484375 0.1171875 0.103125
0 0.16640625 0.9703125 0.1140625 0.05859375
0 0.23515625 0.8171875 0.06796875 0.12578125
0 0.3578125 0.84453125 0.08359375 0.16015625
0 0.434375 0.871875 0.0890625 0.12734375
0 0.49765625 0.98046875 0.0515625 0.03828125
0 0.52578125 0.93515625 0.0859375 0.1296875
0 0.64296875 0.965625 0.121875 0.06875
0 0.85625 0.97734375 0.05078125 0.0453125
0 0.9140625 0.95546875 0.06171875 0.0890625
0 0.875 0.78984375 0.0703125 0.15859375
0 0.94609375 0.71015625 0.06640625 0.1359375
0 0.96171875 0.81796875 0.0703125 0.13046875
0 0.71015625 0.671875 0.0625 0.16328125
0 0.765625 0.7171875 0.05 0.1625
0 0.86875 0.66328125 0.0625 0.065625
0 0.7734375 0.86015625 0.07109375 0.12421875
0 0.80703125 0.77265625 0.04140625 0.06015625
0 0.57578125 0.8078125 0.06015625 0.14140625
0 0.64296875 0.8421875 0.05234375 0.1421875
0 0.6984375 0.8015625 0.07265625 0.14765625
0 0.528125 0.63828125 0.06875 0.15859375
0 0.60546875 0.6546875 0.07421875 0.1546875
0 0.471875 0.72734375 0.08046875 0.1359375
0 0.40078125 0.7046875 0.09140625 0.1609375
0 0.3265625 0.69296875 0.09296875 0.13203125
0 0.3421875 0.58046875 0.10546875 0.10390625
0 0.4203125 0.6140625 0.0546875 0.0609375
0 0.43203125 0.5359375 0.13046875 0.09140625
0 0.4671875 0.41953125 0.071875 0.15234375
0 0.38828125 0.4046875 0.07109375 0.1703125
0 0.17890625 0.3421875 0.14296875 0.1125
0 0.20078125 0.2125 0.0796875 0.16328125
0 0.15703125 0.08359375 0.1328125 0.0953125
0 0.3078125 0.0890625 0.09921875 0.1671875
0 0.4109375 0.0953125 0.1046875 0.1328125
0 0.38984375 0.24140625 0.0796875 0.18359375
0 0.45546875 0.25859375 0.0578125 0.175
0 0.5203125 0.27265625 0.0703125 0.165625
0 0.6203125 0.21875 0.06640625 0.17890625
0 0.74921875 0.29375 0.14375 0.07421875
0 0.84140625 0.35859375 0.14765625 0.09140625
0 0.96953125 0.3265625 0.06015625 0.11484375
0 0.84375 0.2484375 0.06953125 0.16171875
0 0.9203125 0.17734375 0.0953125 0.153125
0 0.6875 0.175 0.07421875 0.184375
0 0.73515625 0.0625 0.0734375 0.125
0 0.81640625 0.04296875 0.0640625 0.0859375
0 0.8875 0.0296875 0.0625 0.05859375
0 0.93671875 0.0359375 0.071875 0.071875
0 0.58984375 0.0328125 0.11796875 0.065625
0 0.765625 0.19296875 0.08203125 0.15078125
0 0.5296875 0.1 0.07890625 0.1421875
0 0.29453125 0.321875 0.0875 0.184375
0 0.77421875 0.94375 0.0625 0.11171875
0 0.85078125 0.90625 0.05859375 0.07734375