0 0.803125 0.23046875 0.10703125 0.24296875
0 0.7 0.25390625 0.11640625 0.2625
0 0.56015625 0.453125 0.14296875 0.2421875
0 0.32109375 0.46796875 0.1703125 0.15703125
0 0.15625 0.5 0.13046875 0.28984375
0 0.38125 0.64765625 0.2 0.2015625
0 0.3203125 0.88671875 0.140625 0.2265625
0 0.0984375 0.8921875 0.13359375 0.215625
0 0.59375 0.92265625 0.1375 0.1546875
0 0.57578125 0.69296875 0.09609375 0.23984375
0 0.7 0.61171875 0.1296875 0.25
0 0.740625 0.83984375 0.11640625 0.16171875
0 0.928125 0.77265625 0.14375 0.20078125
0 0.8953125 0.63828125 0.209375 0.18515625
0 0.8703125 0.4578125 0.259375 0.11953125
0 0.909375 0.48125 0.18046875 0.12890625
0 0.9671875 0.240625 0.065625 0.16640625
0 0.8625 0.94765625 0.075 0.1046875
0 0.97265625 0.94140625 0.0546875 0.1171875