0 0.453125 0.3828125 0.10390625 0.17734375
0 0.4046875 0.11875 0.15390625 0.196875
0 0.55 0.2421875 0.090625 0.2171875
0 0.678125 0.259375 0.16015625 0.196875
0 0.653125 0.06875 0.15703125 0.11015625
0 0.8875 0.190625 0.13671875 0.140625
0 0.8453125 0.5734375 0.10703125 0.15703125
0 0.58125 0.503125 0.12734375 0.25078125
0 0.715625 0.44765625 0.15390625 0.18046875
0 0.8203125 0.42578125 0.13046875 0.1234375
0 0.94296875 0.3859375 0.1140625 0.190625
0 0.678125 0.74375 0.16015625 0.1640625
0 0.46640625 0.90546875 0.2375 0.046875
0 0.34609375 0.771875 0.1703125 0.1734375
0 0.5296875 0.7265625 0.1171875 0.17734375
0 0.27890625 0.58828125 0.14375 0.24765625
0 0.2640625 0.403125 0.19375 0.13671875
0 0.0671875 0.2609375 0.13359375 0.30078125
0 0.215625 0.215625 0.15078125 0.15703125
0 0.0734375 0.55 0.140625 0.25078125
0 0.05703125 0.80859375 0.1 0.2609375
0 0.1734375 0.8875 0.1734375 0.22421875
0 0.85078125 0.8171875 0.190625 0.1640625
0 0.70546875 0.9375 0.20078125 0.12421875
0 0.90625 0.95078125 0.1875 0.0984375