0 0.21875 0.84765625 0.08203125 0.059375
0 0.28671875 0.86171875 0.07109375 0.0609375
0 0.19921875 0.7453125 0.06875 0.05625
0 0.165625 0.678125 0.07578125 0.05546875
0 0.45390625 0.7484375 0.0421875 0.0390625
0 0.571875 0.7453125 0.06796875 0.0640625
0 0.30546875 0.615625 0.0546875 0.06015625
0 0.2671875 0.4953125 0.059375 0.05625
0 0.06015625 0.5109375 0.0546875 0.04765625
0 0.30390625 0.42265625 0.05234375 0.0625
0 0.359375 0.3921875 0.05234375 0.0578125
0 0.3390625 0.48359375 0.0546875 0.06171875
0 0.31015625 0.2953125 0.03828125 0.0640625
0 0.403125 0.59609375 0.04375 0.05625
0 0.35625 0.74765625 0.05625 0.059375
0 0.4015625 0.7015625 0.05078125 0.0484375
0 0.29453125 0.7953125 0.05390625 0.0484375
0 0.359375 0.8 0.065625 0.05859375
0 0.25390625 0.74296875 0.0484375 0.0578125
0 0.61328125 0.1171875 0.05234375 0.05703125