0 0.45 0.1 0.1453125 0.1015625
0 0.0609375 0.16875 0.12109375 0.14296875
0 0.3875 0.303125 0.1734375 0.1140625
0 0.46328125 0.41640625 0.16640625 0.09609375
0 0.196875 0.196875 0.13125 0.11171875
0 0.3265625 0.1359375 0.08203125 0.1
0 0.37265625 0.6046875 0.12734375 0.14140625
0 0.54921875 0.53984375 0.20078125 0.0890625
0 0.58203125 0.6546875 0.1921875 0.1203125
0 0.39765625 0.78515625 0.13203125 0.1609375
0 0.13671875 0.87734375 0.23046875 0.134375
0 0.11875 0.66953125 0.1703125 0.18515625
0 0.61171875 0.89296875 0.19921875 0.19453125
0 0.31484375 0.4328125 0.10078125 0.125
0 0.7484375 0.12734375 0.11328125 0.16796875
0 0.77421875 0.38828125 0.09140625 0.18984375
0 0.89765625 0.8484375 0.19453125 0.125
0 0.9515625 0.59453125 0.09609375 0.15625
0 0.9 0.14765625 0.1078125 0.146875
0 0.734375 0.6203125 0.12734375 0.15859375
0 0.703125 0.2328125 0.15625 0.10546875
0 0.61171875 0.33984375 0.13203125 0.13203125
0 0.57109375 0.1078125 0.103125 0.1203125
0 0.88984375 0.42578125 0.1390625 0.08203125