0 0.32734375 0.18203125 0.03984375 0.05
0 0.43515625 0.16328125 0.05625 0.046875
0 0.428125 0.11015625 0.0734375 0.03359375
0 0.37265625 0.03515625 0.06328125 0.06328125
0 0.184375 0.55234375 0.04921875 0.05625
0 0.2640625 0.47578125 0.1015625 0.06953125
0 0.31640625 0.43515625 0.08359375 0.05625
0 0.3453125 0.384375 0.096875 0.071875
0 0.40859375 0.3046875 0.0875 0.07890625
0 0.45546875 0.225 0.07421875 0.04921875
0 0.48125 0.1390625 0.046875 0.06328125
0 0.48046875 0.2796875 0.05625 0.0875
0 0.56328125 0.26171875 0.06484375 0.07421875
0 0.5265625 0.19765625 0.040625 0.05859375
0 0.553125 0.16171875 0.04921875 0.071875
0 0.56640625 0.0703125 0.090625 0.0671875
0 0.60625 0.171875 0.0609375 0.04296875
0 0.28203125 0.55859375 0.0515625 0.0875
0 0.3375 0.55546875 0.0671875 0.05390625
0 0.37109375 0.475 0.0765625 0.09921875
0 0.43046875 0.45546875 0.05625 0.10546875
0 0.53671875 0.37890625 0.046875 0.06484375
0 0.3015625 0.7390625 0.1125 0.0921875
0 0.36328125 0.6828125 0.04296875 0.159375
0 0.4265625 0.678125 0.06953125 0.11484375
0 0.41171875 0.5609375 0.06328125 0.08359375
0 0.50625 0.496875 0.040625 0.071875
0 0.58046875 0.434375 0.04921875 0.08984375
0 0.61171875 0.334375 0.05859375 0.10546875
0 0.65234375 0.25859375 0.08125 0.0765625
0 0.675 0.2171875 0.05390625 0.04296875
0 0.68359375 0.15390625 0.0453125 0.05625
0 0.690625 0.09921875 0.09921875 0.03125
0 0.67578125 0.40625 0.08359375 0.11015625
0 0.47109375 0.90625 0.0921875 0.1125
0 0.4859375 0.81328125 0.12109375 0.10546875
0 0.47578125 0.7375 0.08359375 0.071875
0 0.51875 0.7015625 0.06953125 0.08984375
0 0.56796875 0.709375 0.0875 0.0921875
0 0.60546875 0.67109375 0.09453125 0.10546875
0 0.634375 0.63359375 0.071875 0.10546875
0 0.665625 0.54921875 0.0671875 0.09921875
0 0.73203125 0.4453125 0.0609375 0.08984375
0 0.7296875 0.353125 0.0875 0.03125
0 0.7375 0.28984375 0.08125 0.08984375
0 0.7375 0.24375 0.05390625 0.0515625
0 0.778125 0.1578125 0.08984375 0.02734375
0 0.80078125 0.225 0.0453125 0.08984375
0 0.85234375 0.140625 0.0453125 0.0609375
0 0.84140625 0.24765625 0.06328125 0.05390625
0 0.915625 0.17421875 0.071875 0.096875
0 0.746875 0.6671875 0.1171875 0.0921875
0 0.68828125 0.6234375 0.04921875 0.0765625
0 0.77734375 0.60390625 0.0609375 0.096875
0 0.75234375 0.5296875 0.05625 0.06484375
0 0.7984375 0.45078125 0.04921875 0.0875
0 0.80859375 0.38359375 0.0609375 0.05625
0 0.84140625 0.33046875 0.0765625 0.0359375
0 0.93359375 0.27109375 0.0671875 0.04296875
0 0.83125 0.5375 0.07421875 0.071875
0 0.884375 0.53984375 0.05859375 0.103125
0 0.88203125 0.4453125 0.04921875 0.06328125
0 0.88984375 0.3703125 0.03359375 0.04296875
0 0.96875 0.3015625 0.06171875 0.0671875
0 0.9390625 0.6859375 0.07890625 0.12578125
0 0.9484375 0.5609375 0.0515625 0.08359375
0 0.9484375 0.465625 0.03359375 0.071875
0 0.475 0.41015625 0.0765625 0.1015625
0 0.22265625 0.64296875 0.08125 0.103125
0 0.47578125 0.60859375 0.07890625 0.07421875
0 0.540625 0.57265625 0.06953125 0.08359375
0 0.60859375 0.5140625 0.05625 0.05625
0 0.7171875 0.55859375 0.05859375 0.07421875
0 0.66953125 0.91796875 0.0875 0.1125
0 0.69375 0.8359375 0.06484375 0.0515625
0 0.76953125 0.89609375 0.071875 0.1375
0 0.77578125 0.7859375 0.08125 0.10546875
0 0.828125 0.8 0.0765625 0.128125
0 0.85703125 0.6796875 0.0453125 0.09921875
0 0.95 0.62421875 0.05625 0.06953125
0 0.60625 0.7859375 0.04296875 0.128125
0 0.64921875 0.8078125 0.04296875 0.09453125
0 0.68828125 0.7375 0.05390625 0.12109375
0 0.2140625 0.9140625 0.1078125 0.1234375
0 0.26015625 0.80859375 0.11015625 0.0921875
0 0.3765625 0.8 0.11953125 0.1328125
0 0.8421875 0.93671875 0.0609375 0.096875
0 0.8859375 0.86796875 0.04921875 0.08515625
0 0.95625 0.85 0.0453125 0.08984375
0 0.89765625 0.77578125 0.05859375 0.0765625
0 0.97421875 0.7765625 0.05078125 0.046875
0 0.521875 0.92578125 0.09453125 0.1234375
0 0.32265625 0.91875 0.0921875 0.08359375
0 0.159375 0.76796875 0.1078125 0.11484375