0 0.109375 0.69296875 0.03671875 0.0484375
0 0.27109375 0.746875 0.03671875 0.03125
0 0.37109375 0.75859375 0.03515625 0.03515625
0 0.43046875 0.80546875 0.0296875 0.04140625
0 0.51171875 0.75234375 0.02734375 0.0390625
0 0.34765625 0.7046875 0.03828125 0.0328125
0 0.290625 0.65625 0.0328125 0.03203125
0 0.41015625 0.66953125 0.0265625 0.0359375
0 0.4890625 0.68359375 0.02890625 0.028125
0 0.44453125 0.6546875 0.034375 0.034375
0 0.43828125 0.625 0.03359375 0.03671875
0 0.271875 0.821875 0.0359375 0.034375
0 0.06796875 0.85078125 0.034375 0.040625
0 0.0921875 0.4828125 0.0234375 0.028125
0 0.10078125 0.43359375 0.0375 0.0328125
0 0.13046875 0.43203125 0.034375 0.0375
0 0.05625 0.33046875 0.021875 0.03125
0 0.4828125 0.27109375 0.025 0.02734375
0 0.50703125 0.35546875 0.0265625 0.028125
0 0.5328125 0.20078125 0.025 0.02734375
0 0.21171875 0.18203125 0.03203125 0.02109375