0 0.4921875 0.86796875 0.05078125 0.0390625
0 0.1796875 0.903125 0.02890625 0.05625
0 0.23203125 0.8546875 0.01875 0.053125
0 0.28671875 0.85234375 0.03671875 0.0703125
0 0.215625 0.80390625 0.07109375 0.025
0 0.0875 0.87578125 0.04921875 0.0484375
0 0.04921875 0.98359375 0.0390625 0.0328125
0 0.13125 0.94140625 0.0625 0.046875
0 0.16484375 0.98828125 0.05234375 0.0234375
0 0.07890625 0.621875 0.084375 0.06328125
0 0.18046875 0.58046875 0.0609375 0.0796875
0 0.45546875 0.31015625 0.0390625 0.059375
0 0.3234375 0.51640625 0.03671875 0.046875
0 0.3875 0.528125 0.0390625 0.03671875
0 0.44296875 0.5515625 0.0390625 0.0484375
0 0.46015625 0.62890625 0.03359375 0.0359375
0 0.54765625 0.64296875 0.0328125 0.0390625
0 0.50078125 0.525 0.0421875 0.05625
0 0.55390625 0.57265625 0.04453125 0.04609375
0 0.51328125 0.3765625 0.02265625 0.04453125