0 0.4078125 0.24140625 0.26015625 0.25859375
0 0.54765625 0.42421875 0.09609375 0.3203125
0 0.684375 0.4546875 0.10859375 0.29453125
0 0.8421875 0.4984375 0.1 0.290625
0 0.9625 0.50234375 0.075 0.3078125
0 0.38984375 0.4671875 0.17109375 0.25625
0 0.20859375 0.440625 0.165625 0.29921875
0 0.19765625 0.675 0.21796875 0.2796875
0 0.07578125 0.36640625 0.1515625 0.2859375
0 0.07890625 0.89609375 0.1578125 0.2078125
0 0.38828125 0.8828125 0.1875 0.234375
0 0.5296875 0.8984375 0.1625 0.20234375
0 0.6890625 0.94296875 0.1546875 0.1140625
0 0.73828125 0.79375 0.24921875 0.2296875
0 0.928125 0.7484375 0.14375 0.29921875