0 0.32421875 0.06640625 0.08359375 0.1328125
0 0.18125 0.08359375 0.1921875 0.1203125
0 0.0515625 0.09609375 0.103125 0.1921875
0 0.11015625 0.18125 0.08984375 0.1875
0 0.23515625 0.1796875 0.178125 0.13125
0 0.31953125 0.22890625 0.10859375 0.1703125
0 0.28046875 0.33203125 0.10625 0.17578125
0 0.22734375 0.2765625 0.1984375 0.09921875
0 0.05234375 0.31640625 0.10390625 0.18515625
0 0.13046875 0.428125 0.0859375 0.1984375
0 0.21640625 0.5046875 0.09765625 0.1875
0 0.02109375 0.51640625 0.04140625 0.2
0 0.11015625 0.715625 0.12109375 0.17578125
0 0.2359375 0.83203125 0.17109375 0.09140625
0 0.17578125 0.76875 0.0671875 0.08125
0 0.30859375 0.69375 0.09453125 0.1578125
0 0.3609375 0.51640625 0.13125 0.115625
0 0.4484375 0.55234375 0.06640625 0.16171875
0 0.42578125 0.62578125 0.05546875 0.0640625
0 0.48671875 0.15078125 0.090625 0.14921875
0 0.42265625 0.2 0.0828125 0.159375
0 0.4875 0.03359375 0.12890625 0.06640625
0 0.565625 0.06953125 0.071875 0.1390625
0 0.7046875 0.12734375 0.11171875 0.13359375
0 0.68125 0.028125 0.07734375 0.05625
0 0.7640625 0.1140625 0.08203125 0.1515625
0 0.77578125 0.0390625 0.08203125 0.078125
0 0.71796875 0.26171875 0.0671875 0.16953125
0 0.6296875 0.21484375 0.1078125 0.09453125
0 0.5640625 0.30859375 0.1234375 0.1046875
0 0.9859375 0.04296875 0.028125 0.0859375
0 0.92265625 0.03359375 0.0578125 0.0671875
0 0.87265625 0.128125 0.06953125 0.11953125
0 0.95703125 0.1484375 0.0859375 0.1
0 0.93828125 0.2515625 0.0515625 0.12109375
0 0.8109375 0.29765625 0.06640625 0.1375
0 0.89765625 0.35390625 0.04609375 0.125
0 0.9703125 0.32734375 0.059375 0.13515625
0 0.97421875 0.46640625 0.05078125 0.15234375
0 0.8890625 0.49296875 0.07421875 0.13828125
0 0.96328125 0.58515625 0.06796875 0.1171875
0 0.80625 0.4984375 0.0625 0.103125
0 0.746875 0.44609375 0.07890625 0.11640625
0 0.68359375 0.51328125 0.05703125 0.1359375
0 0.6515625 0.4859375 0.1015625 0.10859375
0 0.5765625 0.45 0.103125 0.13515625
0 0.6890625 0.3625 0.140625 0.07578125
0 0.53125 0.4046875 0.0578125 0.140625
0 0.4796875 0.3515625 0.0796875 0.12578125
0 0.43515625 0.45390625 0.12421875 0.13984375
0 0.2984375 0.45703125 0.090625 0.140625
0 0.371875 0.43359375 0.059375 0.0703125
0 0.809375 0.60703125 0.1046875 0.0859375
0 0.7234375 0.62890625 0.0890625 0.10703125
0 0.73828125 0.646875 0.084375 0.084375
0 0.9578125 0.690625 0.05234375 0.08984375
0 0.90390625 0.6671875 0.04765625 0.0734375
0 0.8109375 0.790625 0.08125 0.12421875
0 0.5359375 0.78125 0.10546875 0.14453125
0 0.63671875 0.78671875 0.12421875 0.1171875
0 0.7109375 0.82734375 0.07890625 0.14609375
0 0.80390625 0.92578125 0.0734375 0.12265625
0 0.92890625 0.8390625 0.05703125 0.0828125
0 0.97734375 0.83125 0.04453125 0.0859375
0 0.95546875 0.77734375 0.065625 0.07265625
0 0.88203125 0.74609375 0.06171875 0.075
0 0.89375 0.934375 0.0671875 0.0953125
0 0.95703125 0.9109375 0.05078125 0.0703125
0 0.759375 0.75078125 0.075 0.115625
0 0.6984375 0.68046875 0.07109375 0.11015625
0 0.621875 0.61328125 0.0953125 0.1296875
0 0.61640625 0.49921875 0.07890625 0.13125
0 0.5671875 0.659375 0.08203125 0.15078125
0 0.48046875 0.715625 0.07109375 0.159375
0 0.42265625 0.76171875 0.10390625 0.16328125
0 0.484375 0.8890625 0.07578125 0.13671875
0 0.59375 0.8984375 0.06953125 0.08125
0 0.64140625 0.853125 0.0421875 0.06953125
0 0.42890625 0.90390625 0.090625 0.11875
0 0.34453125 0.92890625 0.0765625 0.1421875
0 0.221875 0.9640625 0.05234375 0.071875
0 0.11875 0.95625 0.0796875 0.0875
0 0.11015625 0.84296875 0.15 0.13203125
0 0.01875 0.8796875 0.0375 0.11484375