0 0.74921875 0.07734375 0.1359375 0.1546875
0 0.89921875 0.18515625 0.103125 0.14921875
0 0.959375 0.2 0.08125 0.18984375
0 0.75390625 0.28046875 0.10625 0.16171875
0 0.65546875 0.175 0.1 0.19609375
0 0.521875 0.20703125 0.10390625 0.18515625
0 0.4421875 0.14296875 0.128125 0.14765625
0 0.271875 0.1921875 0.15390625 0.1875
0 0.090625 0.2109375 0.18125 0.153125
0 0.40703125 0.3 0.103125 0.171875
0 0.56171875 0.40234375 0.17421875 0.08828125
0 0.6328125 0.33203125 0.13828125 0.1390625
0 0.82734375 0.290625 0.1390625 0.1046875
0 0.86484375 0.44375 0.08046875 0.15859375
0 0.88984375 0.365625 0.0765625 0.1453125
0 0.95 0.3546875 0.1 0.190625
0 0.80859375 0.42421875 0.0890625 0.16796875
0 0.925 0.54765625 0.08125 0.128125
0 0.97578125 0.4796875 0.0484375 0.115625
0 0.88671875 0.6546875 0.1453125 0.05546875
0 0.98359375 0.6421875 0.0328125 0.1375
0 0.91484375 0.62578125 0.10078125 0.08671875
0 0.81015625 0.55703125 0.05234375 0.15390625
0 0.75390625 0.54296875 0.08203125 0.1546875
0 0.68359375 0.484375 0.10546875 0.159375
0 0.43671875 0.4859375 0.1171875 0.15859375
0 0.5046875 0.5515625 0.0921875 0.15234375
0 0.590625 0.659375 0.1078125 0.1671875
0 0.2640625 0.390625 0.18046875 0.18359375
0 0.171875 0.440625 0.16015625 0.2
0 0.11875 0.50078125 0.1328125 0.18046875
0 0.05 0.5484375 0.09921875 0.1328125
0 0.15078125 0.6390625 0.16953125 0.153125
0 0.2796875 0.55703125 0.16015625 0.078125
0 0.33359375 0.465625 0.17265625 0.134375
0 0.46328125 0.63515625 0.09453125 0.16640625
0 0.3703125 0.7015625 0.153125 0.14453125
0 0.2953125 0.74765625 0.06640625 0.14453125
0 0.2 0.6921875 0.1515625 0.12265625
0 0.03984375 0.8234375 0.07890625 0.178125
0 0.125 0.84609375 0.08515625 0.12421875
0 0.1640625 0.95 0.07734375 0.0828125
0 0.06796875 0.96640625 0.1328125 0.0671875
0 0.24375 0.98515625 0.08125 0.0296875
0 0.3109375 0.8671875 0.1390625 0.07421875
0 0.22421875 0.80859375 0.08671875 0.1265625
0 0.409375 0.784375 0.15390625 0.059375
0 0.42578125 0.9140625 0.065625 0.16328125
0 0.3546875 0.928125 0.07890625 0.1421875
0 0.54453125 0.91953125 0.04453125 0.1328125
0 0.471875 0.9421875 0.065625 0.115625
0 0.56796875 0.8015625 0.078125 0.1390625
0 0.62109375 0.87109375 0.06640625 0.11484375
0 0.6734375 0.940625 0.05 0.09453125
0 0.596875 0.97265625 0.07109375 0.05390625
0 0.81171875 0.95703125 0.06875 0.08515625
0 0.7609375 0.96796875 0.06640625 0.0640625
0 0.89140625 0.93125 0.0875 0.12421875
0 0.9765625 0.9453125 0.04609375 0.059375
0 0.953125 0.80625 0.09296875 0.1375
0 0.74375 0.825 0.09921875 0.1453125
0 0.7578125 0.6921875 0.0890625 0.13125
0 0.65703125 0.75546875 0.103125 0.10390625
0 0.68984375 0.59921875 0.075 0.1375
0 0.828125 0.71171875 0.07109375 0.059375
0 0.83828125 0.8203125 0.06484375 0.0859375