0 0.51171875 0.6484375 0.0390625 0.0203125
0 0.5765625 0.75703125 0.0359375 0.02734375
0 0.6359375 0.74609375 0.03671875 0.021875
0 0.6921875 0.63125 0.034375 0.02421875
0 0.77265625 0.50234375 0.03046875 0.034375
0 0.3546875 0.6203125 0.021875 0.03125
0 0.36640625 0.56875 0.01953125 0.03046875
0 0.40703125 0.66171875 0.02890625 0.028125
0 0.88046875 0.70546875 0.0234375 0.02421875
0 0.23046875 0.371875 0.0265625 0.03828125
0 0.15234375 0.48828125 0.0296875 0.0265625
0 0.2265625 0.51171875 0.03203125 0.0328125
0 0.26484375 0.16171875 0.01640625 0.0234375
0 0.1828125 0.18125 0.0171875 0.0265625
0 0.26953125 0.215625 0.01796875 0.02734375
0 0.66015625 0.15 0.03046875 0.01953125