0 0.43046875 0.82890625 0.07734375 0.14296875
0 0.5046875 0.8703125 0.0625 0.08515625
0 0.65234375 0.928125 0.0765625 0.14375
0 0.74921875 0.91171875 0.08046875 0.0984375
0 0.8859375 0.9609375 0.0625 0.078125
0 0.95703125 0.9375 0.053125 0.12109375
0 0.7984375 0.8859375 0.05859375 0.06953125
0 0.89765625 0.85703125 0.0578125 0.1046875
0 0.7328125 0.8078125 0.06015625 0.10390625
0 0.6046875 0.7453125 0.0734375 0.1390625
0 0.51484375 0.5765625 0.05234375 0.13359375
0 0.3640625 0.6578125 0.07265625 0.1515625
0 0.22265625 0.6203125 0.18046875 0.08671875
0 0.2953125 0.49140625 0.06171875 0.15703125
0 0.184375 0.4796875 0.11015625 0.15234375
0 0.4 0.55 0.1109375 0.1125
0 0.4890625 0.496875 0.103125 0.08359375
0 0.6078125 0.41796875 0.06796875 0.1265625
0 0.67578125 0.42578125 0.06015625 0.1046875
0 0.6578125 0.54765625 0.07734375 0.121875
0 0.5671875 0.60546875 0.07734375 0.15
0 0.67421875 0.646875 0.03984375 0.11328125
0 0.71796875 0.6015625 0.05703125 0.12890625
0 0.75703125 0.56484375 0.0453125 0.0890625
0 0.8234375 0.64453125 0.0703125 0.12578125
0 0.76328125 0.69765625 0.06796875 0.12578125
0 0.12578125 0.2640625 0.090625 0.1828125
0 0.16640625 0.2 0.078125 0.16796875
0 0.2390625 0.26015625 0.06328125 0.1671875
0 0.0671875 0.3296875 0.134375 0.1171875
0 0.365625 0.26796875 0.11640625 0.096875
0 0.48671875 0.29140625 0.096875 0.0765625
0 0.496875 0.221875 0.1171875 0.0640625
0 0.3125 0.1734375 0.0671875 0.14921875
0 0.21875 0.10234375 0.071875 0.1359375
0 0.02578125 0.1078125 0.05 0.09375
0 0.0859375 0.09453125 0.07734375 0.1515625
0 0.3140625 0.01796875 0.171875 0.0359375
0 0.403125 0.053125 0.12421875 0.0625
0 0.4171875 0.1515625 0.1046875 0.1109375
0 0.50625 0.13671875 0.0890625 0.12109375
0 0.665625 0.06328125 0.059375 0.12109375
0 0.753125 0.109375 0.06171875 0.1375
0 0.7453125 0.2703125 0.04609375 0.12109375
0 0.75 0.4 0.04453125 0.11484375
0 0.9421875 0.66171875 0.06484375 0.08203125
0 0.88828125 0.53515625 0.04609375 0.10078125
0 0.94921875 0.4546875 0.04921875 0.0953125
0 0.92578125 0.36484375 0.06640625 0.08359375
0 0.90703125 0.190625 0.05234375 0.115625
0 0.8328125 0.403125 0.05 0.10703125
0 0.8 0.51015625 0.05234375 0.096875
0 0.8453125 0.52734375 0.03828125 0.1078125
0 0.72734375 0.47890625 0.06015625 0.08125
0 0.4515625 0.4140625 0.07265625 0.12265625
0 0.34296875 0.42578125 0.0640625 0.1453125
0 0.39296875 0.36484375 0.06015625 0.140625
0 0.509375 0.38671875 0.06171875 0.1
0 0.58046875 0.3671875 0.06015625 0.134375
0 0.60234375 0.26640625 0.06328125 0.11328125
0 0.65703125 0.23828125 0.0625 0.14453125
0 0.8078125 0.14609375 0.04375 0.1015625
0 0.85546875 0.09453125 0.04609375 0.09140625
0 0.91953125 0.08203125 0.046875 0.1
0 0.95625 0.053125 0.0609375 0.08515625
0 0.89453125 0.7546875 0.04921875 0.07421875
0 0.95078125 0.753125 0.0625 0.0921875
0 0.9625 0.85390625 0.0515625 0.08515625
0 0.9546875 0.584375 0.04375 0.06875
0 0.96875 0.265625 0.0515625 0.10546875
0 0.81875 0.28203125 0.059375 0.09765625
0 0.98359375 0.14140625 0.0328125 0.0859375
0 0.80078125 0.03046875 0.040625 0.06015625
0 0.5734375 0.07578125 0.07578125 0.15
0 0.48671875 0.04296875 0.06953125 0.08125