0 0.5859375 0.3625 0.040625 0.034375
0 0.5015625 0.58671875 0.025 0.0484375
0 0.55625 0.54375 0.0453125 0.0390625
0 0.36015625 0.490625 0.04375 0.0484375
0 0.2765625 0.42578125 0.05 0.0359375
0 0.23046875 0.61484375 0.04609375 0.0421875
0 0.3734375 0.7234375 0.03671875 0.06796875
0 0.271875 0.821875 0.05234375 0.0484375
0 0.26328125 0.7609375 0.0296875 0.06015625
0 0.01015625 0.934375 0.0203125 0.0671875
0 0.06953125 0.85859375 0.03125 0.05859375
0 0.46640625 0.97265625 0.0421875 0.0546875
0 0.63046875 0.97890625 0.0625 0.0421875
0 0.53984375 0.88984375 0.05234375 0.04140625
0 0.578125 0.90390625 0.04453125 0.05078125
0 0.63359375 0.91875 0.0359375 0.0484375
0 0.54375 0.84609375 0.06796875 0.04375
0 0.57265625 0.7921875 0.04296875 0.05703125
0 0.5625 0.72421875 0.0265625 0.0796875
0 0.1859375 0.1375 0.03359375 0.034375
0 0.15390625 0.24140625 0.04765625 0.05703125
0 0.07421875 0.11015625 0.0359375 0.0421875