0 0.4828125 0.29765625 0.04453125 0.05390625
0 0.365625 0.4640625 0.02421875 0.04453125
0 0.10625 0.59765625 0.025 0.05625
0 0.13359375 0.5984375 0.04140625 0.0703125
0 0.16484375 0.54140625 0.04921875 0.071875
0 0.0953125 0.9265625 0.05078125 0.05078125
0 0.0984375 0.871875 0.034375 0.06875
0 0.11484375 0.80625 0.071875 0.0375
0 0.13984375 0.978125 0.06796875 0.03671875
0 0.21171875 0.9796875 0.05234375 0.03984375
0 0.275 0.96171875 0.05234375 0.059375
0 0.240625 0.85703125 0.02890625 0.06171875
0 0.3484375 0.846875 0.0453125 0.065625
0 0.2765625 0.7390625 0.05234375 0.046875
0 0.53671875 0.78984375 0.04296875 0.05859375
0 0.59921875 0.5171875 0.03515625 0.06015625
0 0.23671875 0.1515625 0.0328125 0.03984375
0 0.165625 0.471875 0.04453125 0.0421875
0 0.21796875 0.5125 0.04296875 0.0578125