0 0.4046875 0.4890625 0.0640625 0.128125
0 0.5203125 0.56484375 0.109375 0.05703125
0 0.51484375 0.475 0.1 0.0953125
0 0.35625 0.37734375 0.07109375 0.1421875
0 0.25859375 0.5078125 0.06640625 0.1328125
0 0.0703125 0.390625 0.06875 0.196875
0 0.09765625 0.16484375 0.1 0.14453125
0 0.2375 0.14375 0.05703125 0.14453125
0 0.321875 0.13984375 0.0640625 0.0953125
0 0.475 0.2015625 0.109375 0.1140625
0 0.58671875 0.10234375 0.1 0.1421875
0 0.57421875 0.37265625 0.109375 0.109375
0 0.63359375 0.28359375 0.11875 0.14453125
0 0.39375 0.2578125 0.1375 0.09296875
0 0.8515625 0.17578125 0.0875 0.128125
0 0.7515625 0.125 0.10703125 0.0734375
0 0.80390625 0.4140625 0.059375 0.159375
0 0.9046875 0.37421875 0.1046875 0.10703125
0 0.83203125 0.628125 0.10703125 0.11171875
0 0.9296875 0.5625 0.0640625 0.109375
0 0.66015625 0.609375 0.05703125 0.0453125
0 0.4640625 0.76796875 0.10703125 0.13046875
0 0.5296875 0.66484375 0.0953125 0.06640625
0 0.66953125 0.534375 0.15703125 0.07578125
0 0.37890625 0.678125 0.10234375 0.10234375
0 0.246875 0.7515625 0.1328125 0.13046875
0 0.29453125 0.9484375 0.128125 0.09296875
0 0.1484375 0.9375 0.10703125 0.1234375
0 0.08203125 0.79765625 0.11171875 0.08515625
0 0.09140625 0.6765625 0.09765625 0.1140625
0 0.725 0.90703125 0.13046875 0.15234375
0 0.5203125 0.9484375 0.1 0.10234375
0 0.55546875 0.80625 0.05234375 0.1546875
0 0.63984375 0.8609375 0.09296875 0.12109375
0 0.90390625 0.92578125 0.0890625 0.1484375
0 0.9390625 0.74765625 0.12109375 0.1
0 0.384375 0.884375 0.06640625 0.09296875