0 0.26640625 0.28203125 0.11015625 0.065625
0 0.07421875 0.30390625 0.08671875 0.11484375
0 0.14453125 0.2921875 0.09140625 0.11015625
0 0.23125 0.215625 0.05390625 0.1171875
0 0.24921875 0.0953125 0.084375 0.10546875
0 0.34765625 0.109375 0.028125 0.10546875
0 0.0359375 0.50625 0.071875 0.1125
0 0.090625 0.51640625 0.05859375 0.1265625
0 0.14921875 0.4109375 0.09140625 0.1359375
0 0.25625 0.4234375 0.05625 0.14296875
0 0.3171875 0.32734375 0.065625 0.12421875
0 0.3765625 0.24296875 0.11015625 0.11015625
0 0.4328125 0.1515625 0.05859375 0.11484375
0 0.48984375 0.140625 0.05859375 0.1265625
0 0.55390625 0.121875 0.0375 0.121875
0 0.609375 0.24765625 0.04921875 0.13359375
0 0.6453125 0.12421875 0.0609375 0.1359375
0 0.71953125 0.18671875 0.09140625 0.12890625
0 0.7640625 0.1171875 0.05859375 0.1078125
0 0.83359375 0.10703125 0.0421875 0.15234375
0 0.89296875 0.18515625 0.02578125 0.178125
0 0.95546875 0.2078125 0.0890625 0.17578125
0 0.72109375 0.5109375 0.0984375 0.16171875
0 0.59375 0.43046875 0.140625 0.12890625
0 0.575 0.5328125 0.1125 0.09375
0 0.91484375 0.43515625 0.14296875 0.11953125
0 0.89296875 0.34296875 0.10546875 0.1125
0 0.8015625 0.3359375 0.11484375 0.13125
0 0.66796875 0.3125 0.09609375 0.1078125
0 0.45234375 0.3390625 0.11015625 0.15234375
0 0.07890625 0.20390625 0.11015625 0.103125
0 0.13125 0.175 0.0984375 0.10078125
0 0.1453125 0.06328125 0.065625 0.0984375
0 0.18515625 0.08828125 0.0421875 0.07265625
0 0.0421875 0.784375 0.05625 0.159375
0 0.06015625 0.6453125 0.11015625 0.1078125
0 0.1234375 0.63515625 0.11015625 0.10546875
0 0.19140625 0.5578125 0.07734375 0.11953125
0 0.32421875 0.51875 0.05625 0.121875
0 0.39296875 0.54140625 0.10078125 0.11015625
0 0.428125 0.4578125 0.09609375 0.0984375
0 0.4421875 0.7421875 0.09140625 0.09375
0 0.4640625 0.63046875 0.16171875 0.08671875
0 0.140625 0.79609375 0.075 0.1546875
0 0.18984375 0.72890625 0.05625 0.11015625
0 0.2515625 0.79921875 0.0609375 0.12890625
0 0.29140625 0.7265625 0.0515625 0.14296875
0 0.3859375 0.8015625 0.11484375 0.14296875
0 0.51796875 0.78515625 0.07734375 0.13359375
0 0.03828125 0.95390625 0.0671875 0.0921875
0 0.115625 0.93671875 0.10078125 0.1265625
0 0.20546875 0.93671875 0.09609375 0.1265625
0 0.29140625 0.92265625 0.05625 0.1359375
0 0.371875 0.9390625 0.07265625 0.121875
0 0.459375 0.9328125 0.09140625 0.13359375
0 0.565625 0.9390625 0.09375 0.0984375
0 0.68359375 0.90859375 0.1546875 0.1171875
0 0.82890625 0.95859375 0.1078125 0.0828125
0 0.878125 0.8296875 0.0984375 0.08203125
0 0.934375 0.9625 0.1171875 0.075
0 0.6796875 0.6984375 0.07734375 0.17578125
0 0.784375 0.6328125 0.09375 0.14296875
0 0.8875 0.65234375 0.0515625 0.09375
0 0.9625 0.659375 0.075 0.159375
0 0.840625 0.52265625 0.1171875 0.11484375