0 0.45703125 0.5359375 0.184375 0.09140625
0 0.63203125 0.64375 0.140625 0.0734375
0 0.56328125 0.70546875 0.1296875 0.07265625
0 0.40234375 0.6609375 0.215625 0.11796875
0 0.1421875 0.58828125 0.10234375 0.1703125
0 0.2734375 0.42109375 0.1046875 0.15859375
0 0.17265625 0.30703125 0.09296875 0.22265625
0 0.07578125 0.4 0.1203125 0.18046875
0 0.50390625 0.24140625 0.09140625 0.16328125
0 0.43984375 0.39296875 0.19765625 0.0890625
0 0.603125 0.49921875 0.0828125 0.19765625
0 0.69609375 0.5546875 0.06796875 0.18203125
0 0.79140625 0.5875 0.06484375 0.1640625
0 0.884375 0.5375 0.0625 0.16796875
0 0.6984375 0.26640625 0.10234375 0.16171875
0 0.7453125 0.3671875 0.14921875 0.10078125
0 0.8515625 0.23828125 0.125 0.13984375
0 0.79296875 0.07421875 0.07421875 0.14375
0 0.8875 0.078125 0.08359375 0.15546875
0 0.975 0.0671875 0.05 0.05
0 0.62421875 0.07734375 0.0609375 0.15390625
0 0.57421875 0.17109375 0.07265625 0.196875
0 0.4609375 0.04453125 0.0796875 0.0890625
0 0.36796875 0.09765625 0.0890625 0.1953125
0 0.271875 0.07734375 0.0921875 0.15390625
0 0.13515625 0.084375 0.175 0.16875