0 0.44296875 0.8015625 0.009375 0.0125
0 0.3875 0.81171875 0.0125 0.01796875
0 0.3375 0.8046875 0.0140625 0.01484375
0 0.56640625 0.81015625 0.01171875 0.01328125
0 0.59140625 0.80859375 0.01171875 0.0140625
0 0.56484375 0.8453125 0.0078125 0.0140625
0 0.5796875 0.8640625 0.00625 0.0078125
0 0.41953125 0.73984375 0.00859375 0.0078125
0 0.45390625 0.74765625 0.00859375 0.00703125
0 0.43515625 0.725 0.0078125 0.00859375
0 0.3375 0.64296875 0.02109375 0.02265625
0 0.33515625 0.61953125 0.01640625 0.00859375
0 0.36328125 0.60703125 0.01484375 0.01796875
0 0.3828125 0.6140625 0.0078125 0.0078125
0 0.46171875 0.53203125 0.01015625 0.01796875