0 0.58359375 0.43125 0.1 0.15703125
0 0.7078125 0.45234375 0.078125 0.1390625
0 0.6734375 0.5625 0.07890625 0.1609375
0 0.6015625 0.65390625 0.08515625 0.13359375
0 0.54296875 0.71328125 0.0875 0.13671875
0 0.69921875 0.82109375 0.06015625 0.13984375
0 0.58515625 0.85390625 0.0953125 0.14296875
0 0.4390625 0.7546875 0.090625 0.15234375
0 0.3296875 0.70859375 0.08671875 0.15703125
0 0.45078125 0.590625 0.20546875 0.090625
0 0.40078125 0.421875 0.078125 0.09765625
0 0.26953125 0.43046875 0.090625 0.1609375
0 0.1734375 0.56328125 0.15703125 0.08671875
0 0.1640625 0.6890625 0.15390625 0.13359375
0 0.27890625 0.821875 0.07890625 0.1328125
0 0.32265625 0.93828125 0.05625 0.1234375
0 0.17578125 0.93984375 0.08359375 0.1203125
0 0.10625 0.80390625 0.18125 0.11328125
0 0.03828125 0.45390625 0.0765625 0.0765625
0 0.18359375 0.35 0.075 0.1921875
0 0.08984375 0.334375 0.09375 0.196875
0 0.06953125 0.184375 0.07890625 0.19609375
0 0.175 0.134375 0.0921875 0.215625
0 0.25625 0.10546875 0.09453125 0.20703125
0 0.3390625 0.1078125 0.06953125 0.2078125
0 0.43828125 0.03984375 0.0765625 0.0796875
0 0.43515625 0.15625 0.08125 0.16328125
0 0.446875 0.25 0.140625 0.07578125
0 0.45 0.3328125 0.15390625 0.08359375
0 0.61953125 0.296875 0.14140625 0.103125
0 0.56640625 0.1671875 0.08515625 0.17421875
0 0.74296875 0.17890625 0.0953125 0.1421875
0 0.88125 0.309375 0.07734375 0.0890625
0 0.8171875 0.23671875 0.1234375 0.078125
0 0.8359375 0.21875 0.00078125 0.01484375
0 0.81171875 0.07109375 0.06328125 0.1421875
0 0.965625 0.05078125 0.06875 0.09296875
0 0.66328125 0.0703125 0.0609375 0.13984375
0 0.7234375 0.0640625 0.06328125 0.12578125
0 0.596875 0.0359375 0.05234375 0.071875
0 0.5265625 0.1 0.0703125 0.16171875
0 0.40859375 0.509375 0.08828125 0.0671875
0 0.86875 0.43984375 0.06640625 0.1421875
0 0.80234375 0.390625 0.05625 0.1171875
0 0.921875 0.18828125 0.08203125 0.11953125
0 0.7390625 0.33515625 0.0671875 0.11796875
0 0.8890625 0.615625 0.05859375 0.10546875
0 0.96171875 0.63359375 0.05546875 0.0984375
0 0.79453125 0.7453125 0.0796875 0.121875
0 0.76015625 0.62734375 0.07578125 0.12890625
0 0.796875 0.8171875 0.06328125 0.08359375
0 0.84609375 0.8875 0.0734375 0.109375
0 0.9453125 0.8375 0.05078125 0.11796875
0 0.7078125 0.9328125 0.121875 0.05703125
0 0.66875 0.9765625 0.134375 0.046875
0 0.53046875 0.95546875 0.1375 0.08359375
0 0.2859375 0.253125 0.1171875 0.07734375