0 0.203125 0.7828125 0.0546875 0.16796875
0 0.82421875 0.2625 0.0859375 0.14296875
0 0.25546875 0.20703125 0.0609375 0.26171875
0 0.325 0.12265625 0.09140625 0.15546875
0 0.35625 0.24921875 0.1015625 0.15390625
0 0.4375 0.19921875 0.0390625 0.19453125
0 0.4171875 0.0375 0.0546875 0.075
0 0.34609375 0.4109375 0.0546875 0.1359375
0 0.41171875 0.36875 0.08515625 0.1484375
0 0.25625 0.44921875 0.04140625 0.0453125
0 0.1578125 0.28046875 0.09375 0.1484375
0 0.06953125 0.26484375 0.06015625 0.19453125
0 0.08203125 0.1265625 0.1203125 0.13828125
0 0.13671875 0.0390625 0.0984375 0.078125
0 0.0203125 0.03671875 0.03828125 0.0734375
0 0.01484375 0.209375 0.0296875 0.059375