0 0.2671875 0.88828125 0.05859375 0.1421875
0 0.7875 0.315625 0.0609375 0.196875
0 0.34609375 0.4765625 0.053125 0.1421875
0 0.26328125 0.5078125 0.04609375 0.13359375
0 0.25078125 0.23984375 0.05859375 0.3390625
0 0.15625 0.31328125 0.10078125 0.17421875
0 0.0703125 0.29609375 0.05625 0.1765625
0 0.0953125 0.1359375 0.09921875 0.10859375
0 0.01875 0.234375 0.034375 0.11953125
0 0.02421875 0.0359375 0.046875 0.071875
0 0.1265625 0.03203125 0.09765625 0.06328125
0 0.3265625 0.12421875 0.09296875 0.13125
0 0.4328125 0.20390625 0.08671875 0.2125
0 0.34140625 0.26484375 0.07109375 0.121875
0 0.40859375 0.3734375 0.08125 0.121875
0 0.484375 0.42421875 0.021875 0.1875
0 0.40546875 0.03515625 0.0421875 0.0703125