0 0.178125 0.7671875 0.17109375 0.153125
0 0.76953125 0.334375 0.0625 0.17734375
0 0.53359375 0.43125 0.1234375 0.153125
0 0.42890625 0.4859375 0.07109375 0.16640625
0 0.33828125 0.5265625 0.06875 0.1375
0 0.33125 0.240625 0.07890625 0.34375
0 0.196875 0.321875 0.11171875 0.1875
0 0.45 0.2859375 0.1265625 0.153125
0 0.56640625 0.20234375 0.0671875 0.20390625
0 0.43046875 0.15859375 0.13125 0.1375
0 0.10078125 0.32265625 0.05234375 0.2171875
0 0.1046875 0.14140625 0.11796875 0.17734375
0 0.1828125 0.05703125 0.125 0.1140625
0 0.0390625 0.0453125 0.07734375 0.05859375
0 0.0234375 0.209375 0.04296875 0.1484375