0 0.18671875 0.25546875 0.05859375 0.33984375
0 0.24921875 0.15703125 0.065625 0.16953125
0 0.31328125 0.21875 0.071875 0.18203125
0 0.24921875 0.3390625 0.0671875 0.13671875
0 0.3 0.4421875 0.08828125 0.12109375
0 0.25390625 0.52734375 0.0484375 0.14921875
0 0.190625 0.55 0.04921875 0.1359375
0 0.3 0.03828125 0.0765625 0.0765625
0 0.12265625 0.33984375 0.07421875 0.171875
0 0.06015625 0.32890625 0.04609375 0.2265625
0 0.01640625 0.265625 0.03125 0.1234375
0 0.06328125 0.15390625 0.0921875 0.1109375
0 0.02109375 0.05546875 0.0421875 0.1109375
0 0.103125 0.03671875 0.0765625 0.0734375
0 0.63125 0.84453125 0.021875 0.0390625