0 0.328125 0.2265625 0.05703125 0.28125
0 0.34375 0.1515625 0.06640625 0.1953125
0 0.43046875 0.15 0.09296875 0.15546875
0 0.5859375 0.16328125 0.0984375 0.15546875
0 0.45546875 0.3859375 0.0609375 0.15
0 0.54609375 0.36015625 0.13828125 0.13671875
0 0.49140625 0.27890625 0.05703125 0.1125
0 0.34296875 0.45546875 0.06484375 0.15546875
0 0.08828125 0.25625 0.06484375 0.1796875
0 0.20546875 0.2703125 0.11640625 0.19296875
0 0.1328125 0.11015625 0.1328125 0.13359375
0 0.025 0.1953125 0.046875 0.1234375
0 0.04140625 0.0453125 0.0359375 0.090625
0 0.18828125 0.05859375 0.2046875 0.1171875
0 0.52734375 0.0453125 0.1171875 0.090625
0 0.71640625 0.3390625 0.034375 0.07265625
0 0.22578125 0.81484375 0.02890625 0.0375
0 0.19453125 0.759375 0.0171875 0.0265625
0 0.246875 0.78046875 0.02421875 0.034375
0 0.25 0.75234375 0.040625 0.03828125