0 0.2734375 0.17578125 0.0671875 0.24765625
0 0.36328125 0.11015625 0.1078125 0.13359375
0 0.44765625 0.0296875 0.0703125 0.059375
0 0.4796875 0.18046875 0.0734375 0.1671875
0 0.44296875 0.315625 0.10390625 0.078125
0 0.5234375 0.3609375 0.03046875 0.14375
0 0.3765625 0.3796875 0.06015625 0.1296875
0 0.38671875 0.2171875 0.11875 0.13828125
0 0.278125 0.4 0.0609375 0.07734375
0 0.171875 0.24375 0.10546875 0.12734375
0 0.08125 0.23046875 0.06640625 0.1828125
0 0.10703125 0.1 0.134375 0.08828125
0 0.14921875 0.0234375 0.12734375 0.046875
0 0.028125 0.03828125 0.05625 0.07578125
0 0.01640625 0.21796875 0.0328125 0.18671875
0 0.2171875 0.82734375 0.0265625 0.05
0 0.64296875 0.27265625 0.12265625 0.13046875
0 0.76015625 0.95625 0.1328125 0.0875