0 0.73359375 0.72578125 0.04765625 0.13046875
0 0.7734375 0.8875 0.05625 0.13359375
0 0.71640625 0.86875 0.05234375 0.103125
0 0.1484375 0.90234375 0.03984375 0.1140625
0 0.29296875 0.8390625 0.05625 0.1203125
0 0.40078125 0.9328125 0.07109375 0.13359375
0 0.20078125 0.66484375 0.0390625 0.13828125
0 0.25625 0.68125 0.04453125 0.14375
0 0.3234375 0.64296875 0.05859375 0.13125
0 0.41171875 0.690625 0.0375 0.13046875
0 0.446875 0.63515625 0.05234375 0.1296875
0 0.51875 0.74140625 0.04453125 0.13828125
0 0.41015625 0.46328125 0.0484375 0.125
0 0.35625 0.49921875 0.0453125 0.14375
0 0.2609375 0.47890625 0.0421875 0.11015625
0 0.303125 0.490625 0.04609375 0.140625
0 0.2015625 0.4703125 0.053125 0.08984375
0 0.19609375 0.5578125 0.09375 0.065625
0 0.13203125 0.63984375 0.078125 0.1390625
0 0.103125 0.73671875 0.05625 0.14296875
0 0.0328125 0.68984375 0.06484375 0.06484375
0 0.05 0.58046875 0.04296875 0.13125
0 0.06015625 0.284375 0.040625 0.146875
0 0.10234375 0.37421875 0.06953125 0.10390625
0 0.13828125 0.2375 0.05078125 0.13671875
0 0.0875 0.13515625 0.05859375 0.1390625
0 0.278125 0.33828125 0.04453125 0.13203125
0 0.33828125 0.27265625 0.04921875 0.1578125
0 0.40703125 0.25234375 0.04453125 0.13984375
0 0.459375 0.2984375 0.0421875 0.15625
0 0.5484375 0.3 0.03515625 0.1421875
0 0.5859375 0.4375 0.028125 0.090625
0 0.51796875 0.478125 0.0375 0.11171875
0 0.5296875 0.5984375 0.04609375 0.12734375
0 0.6375 0.76171875 0.08203125 0.0796875
0 0.553125 0.9078125 0.0296875 0.1046875
0 0.88359375 0.40546875 0.05390625 0.14609375
0 0.9796875 0.4171875 0.040625 0.12421875
0 0.75703125 0.521875 0.05859375 0.13203125
0 0.86484375 0.6171875 0.04375 0.13203125
0 0.79140625 0.66953125 0.05390625 0.121875
0 0.8453125 0.8046875 0.04296875 0.109375
0 0.85546875 0.96640625 0.0546875 0.0671875
0 0.8796875 0.9234375 0.06796875 0.09609375
0 0.97265625 0.91015625 0.0546875 0.1296875
0 0.90703125 0.79609375 0.046875 0.1109375
0 0.9140625 0.590625 0.04765625 0.14296875
0 0.9703125 0.609375 0.04140625 0.1109375
0 0.9765625 0.12109375 0.046875 0.1515625
0 0.903125 0.1296875 0.04765625 0.13828125
0 0.82265625 0.134375 0.05625 0.1375
0 0.84375 0.271875 0.046875 0.1453125
0 0.91015625 0.29609375 0.040625 0.134375
0 0.97109375 0.28359375 0.046875 0.1296875
0 0.7875 0.31015625 0.034375 0.115625
0 0.7890625 0.42578125 0.0375 0.0875
0 0.7203125 0.37265625 0.05078125 0.15
0 0.7546875 0.22578125 0.05390625 0.14375
0 0.734375 0.096875 0.053125 0.13515625
0 0.9421875 0.0421875 0.03984375 0.08359375
0 0.59609375 0.14140625 0.05390625 0.1625
0 0.4765625 0.07734375 0.05078125 0.153125
0 0.659375 0.5625 0.04609375 0.12734375
0 0.5890625 0.63359375 0.05078125 0.1234375
0 0.62734375 0.34921875 0.09921875 0.109375
0 0.64921875 0.22109375 0.04765625 0.13125
0 0.68515625 0.11640625 0.04296875 0.1375
0 0.64375 0.07734375 0.05 0.15234375
0 0.15625 0.5203125 0.09609375 0.0765625
0 0.09921875 0.48671875 0.0875 0.065625
0 0.20078125 0.1984375 0.06640625 0.1328125
0 0.17734375 0.034375 0.0859375 0.06875
0 0.65078125 0.9296875 0.10859375 0.065625
0 0.59375 0.8296875 0.10859375 0.06875
0 0.4953125 0.22109375 0.090625 0.1109375
0 0.4125 0.0640625 0.084375 0.128125
0 0.3171875 0.1078125 0.04609375 0.15078125