0 0.17890625 0.4421875 0.10390625 0.11015625
0 0.51328125 0.27265625 0.053125 0.15
0 0.58515625 0.30625 0.0734375 0.12265625
0 0.721875 0.26484375 0.05 0.11484375
0 0.4953125 0.4625 0.08203125 0.1296875
0 0.38828125 0.5015625 0.06875 0.1078125
0 0.31640625 0.61640625 0.06484375 0.1421875
0 0.025 0.6921875 0.05 0.11015625
0 0.09140625 0.7015625 0.0515625 0.14765625
0 0.15234375 0.7078125 0.08359375 0.16015625
0 0.075 0.43359375 0.09375 0.15234375
0 0.23203125 0.6234375 0.0703125 0.09765625
0 0.1921875 0.55234375 0.1234375 0.08515625
0 0.29375 0.85625 0.090625 0.10234375
0 0.33671875 0.7671875 0.0953125 0.11015625
0 0.12890625 0.93828125 0.0484375 0.1234375
0 0.17578125 0.8796875 0.046875 0.0953125
0 0.06796875 0.9171875 0.03203125 0.15
0 0.35625 0.96328125 0.084375 0.0734375
0 0.48125 0.9015625 0.04375 0.1625
0 0.55234375 0.7171875 0.06484375 0.1703125
0 0.57265625 0.55 0.08203125 0.1046875
0 0.92890625 0.45234375 0.1203125 0.11015625
0 0.86328125 0.5421875 0.11171875 0.13984375
0 0.74609375 0.6046875 0.071875 0.125
0 0.6859375 0.69609375 0.1015625 0.1421875
0 0.61328125 0.66015625 0.06015625 0.11015625
0 0.6296875 0.9484375 0.08046875 0.10234375
0 0.625 0.8484375 0.05 0.10234375
0 0.72890625 0.94609375 0.0671875 0.1078125
0 0.80546875 0.83515625 0.0703125 0.11015625
0 0.8640625 0.7421875 0.08671875 0.11015625
0 0.94453125 0.7 0.096875 0.1296875
0 0.82734375 0.94609375 0.05 0.10234375
0 0.89609375 0.92734375 0.05703125 0.1203125
0 0.95625 0.9375 0.0671875 0.1
0 0.9625 0.83125 0.0734375 0.0671875
0 0.4171875 0.6453125 0.0921875 0.0953125