0 0.35546875 0.23828125 0.0859375 0.10234375
0 0.36171875 0.35078125 0.05078125 0.1
0 0.41171875 0.31875 0.02890625 0.10234375
0 0.45234375 0.37109375 0.03515625 0.14609375
0 0.5046875 0.3078125 0.040625 0.115625
0 0.60078125 0.384375 0.0609375 0.10703125
0 0.54609375 0.4625 0.084375 0.10234375
0 0.43984375 0.5859375 0.05234375 0.11796875
0 0.4546875 0.50859375 0.06875 0.115625
0 0.24140625 0.671875 0.07578125 0.1375
0 0.27265625 0.57578125 0.07734375 0.1375
0 0.31484375 0.51171875 0.05390625 0.15703125
0 0.36953125 0.47890625 0.08125 0.14375
0 0.17890625 0.5921875 0.07578125 0.14375
0 0.0765625 0.765625 0.09140625 0.09375
0 0.178125 0.79375 0.05390625 0.16328125
0 0.2234375 0.9234375 0.0859375 0.10859375
0 0.27265625 0.8015625 0.07421875 0.14375
0 0.3125 0.96015625 0.10078125 0.06953125
0 0.37734375 0.89140625 0.1078125 0.10703125
0 0.40390625 0.77109375 0.06875 0.10859375
0 0.38359375 0.66953125 0.10078125 0.09765625
0 0.46640625 0.85859375 0.07109375 0.12421875
0 0.54765625 0.8515625 0.10078125 0.08671875
0 0.55 0.659375 0.046875 0.1265625
0 0.57578125 0.57265625 0.04765625 0.10859375
0 0.646875 0.53984375 0.03671875 0.09609375
0 0.675 0.45 0.05859375 0.115625
0 0.69453125 0.31171875 0.0609375 0.16953125
0 0.78046875 0.31328125 0.025 0.16953125
0 0.896875 0.38984375 0.11328125 0.13046875
0 0.87421875 0.29375 0.0859375 0.09609375
0 0.75546875 0.528125 0.0671875 0.12421875
0 0.778125 0.46171875 0.0453125 0.121875
0 0.6875 0.62265625 0.07734375 0.13046875
0 0.825 0.6171875 0.04921875 0.12421875
0 0.75625 0.65859375 0.0796875 0.14140625
0 0.709375 0.77265625 0.0625 0.17421875
0 0.6515625 0.74375 0.06875 0.128125
0 0.653125 0.88515625 0.0421875 0.12421875
0 0.58125 0.96484375 0.103125 0.0703125
0 0.690625 0.94921875 0.034375 0.1015625
0 0.7515625 0.91875 0.09765625 0.16171875
0 0.8109375 0.8109375 0.04921875 0.19375
0 0.87890625 0.8046875 0.05859375 0.1984375
0 0.90078125 0.93984375 0.0640625 0.1203125
0 0.93828125 0.8375 0.05390625 0.1375
0 0.828125 0.946875 0.078125 0.10625
0 0.8921875 0.53671875 0.07578125 0.115625
0 0.97109375 0.37578125 0.0578125 0.1796875
0 0.96328125 0.72109375 0.05234375 0.13515625
0 0.88515625 0.66875 0.05234375 0.1390625
0 0.98046875 0.5796875 0.0390625 0.128125
0 0.96484375 0.94375 0.0578125 0.11171875