0 0.828125 0.1015625 0.0625 0.09140625
0 0.890625 0.15 0.06953125 0.0421875
0 0.88828125 0.37109375 0.02734375 0.0984375
0 0.8984375 0.28984375 0.03203125 0.075
0 0.92734375 0.2234375 0.0390625 0.09921875
0 0.83984375 0.2546875 0.03671875 0.0890625
0 0.83125 0.17734375 0.06328125 0.0625
0 0.8234375 0.3359375 0.05234375 0.05390625
0 0.8671875 0.32734375 0.0203125 0.1171875
0 0.840625 0.53828125 0.034375 0.08828125
0 0.8109375 0.4984375 0.03203125 0.10703125
0 0.8703125 0.52265625 0.021875 0.065625
0 0.884375 0.45078125 0.05234375 0.07265625
0 0.92109375 0.6140625 0.0421875 0.10390625
0 0.87578125 0.578125 0.0390625 0.075
0 0.77578125 0.38125 0.02421875 0.1015625
0 0.75625 0.21015625 0.0296875 0.08984375
0 0.70546875 0.13984375 0.0265625 0.11484375
0 0.78125 0.04140625 0.03046875 0.0625
0 0.69296875 0.0484375 0.040625 0.0921875
0 0.64140625 0.07265625 0.05078125 0.096875
0 0.0453125 0.15 0.06796875 0.071875
0 0.01796875 0.0984375 0.03359375 0.09609375
0 0.0171875 0.025 0.034375 0.05
0 0.053125 0.0515625 0.025 0.103125
0 0.134375 0.14296875 0.0640625 0.07734375
0 0.2328125 0.13203125 0.0296875 0.10703125
0 0.20234375 0.09375 0.0375 0.08984375
0 0.1578125 0.08359375 0.05234375 0.084375
0 0.10078125 0.06328125 0.04140625 0.1015625
0 0.16953125 0.02421875 0.0859375 0.0484375
0 0.23359375 0.040625 0.053125 0.08046875
0 0.2671875 0.03359375 0.04296875 0.0671875
0 0.23125 0.26796875 0.03046875 0.09921875
0 0.2546875 0.21171875 0.0296875 0.10546875
0 0.2796875 0.13203125 0.0484375 0.103125
0 0.30234375 0.05234375 0.05703125 0.05
0 0.3546875 0.12109375 0.0375 0.09453125
0 0.36953125 0.05859375 0.065625 0.0578125
0 0.40859375 0.1390625 0.0703125 0.05
0 0.465625 0.15078125 0.04453125 0.09921875
0 0.52578125 0.140625 0.040625 0.1125
0 0.5671875 0.14140625 0.04921875 0.1015625
0 0.57421875 0.03984375 0.0359375 0.0796875
0 0.4765625 0.06328125 0.06484375 0.0625
0 0.43046875 0.07578125 0.04140625 0.09609375
0 0.41484375 0.015625 0.02421875 0.03046875
0 0.44296875 0.015625 0.0234375 0.03046875
0 0.471875 0.01796875 0.025 0.0359375
0 0.3203125 0.015625 0.03515625 0.03046875
0 0.140625 0.22890625 0.02890625 0.11640625
0 0.18828125 0.21484375 0.05234375 0.09453125
0 0.0890625 0.22265625 0.06171875 0.08984375
0 0.0109375 0.33828125 0.021875 0.10546875
0 0.06328125 0.33125 0.05390625 0.0609375
0 0.05234375 0.2984375 0.05625 0.06015625
0 0.1578125 0.946875 0.0546875 0.04296875
0 0.159375 0.90625 0.04375 0.08203125
0 0.2109375 0.94921875 0.06015625 0.04765625
0 0.1078125 0.74375 0.0484375 0.08125
0 0.23046875 0.7734375 0.0296875 0.0984375
0 0.2671875 0.77421875 0.028125 0.1
0 0.3265625 0.73671875 0.02890625 0.103125
0 0.25703125 0.475 0.03515625 0.1109375
0 0.28828125 0.48515625 0.034375 0.1078125
0 0.328125 0.4984375 0.0375 0.08828125
0 0.37265625 0.47109375 0.04296875 0.0984375
0 0.33515625 0.4 0.0359375 0.09765625
0 0.2765625 0.396875 0.065625 0.0671875
0 0.02265625 0.60859375 0.0328125 0.0859375
0 0.05625 0.61015625 0.03671875 0.0984375
0 0.10546875 0.56484375 0.03203125 0.10390625
0 0.046875 0.515625 0.06796875 0.07421875
0 0.09375 0.40859375 0.06953125 0.03984375
0 0.17734375 0.46171875 0.0265625 0.090625
0 0.2109375 0.38046875 0.03359375 0.1140625
0 0.171875 0.35 0.03828125 0.09765625
0 0.121875 0.678125 0.06796875 0.06484375
0 0.1859375 0.62578125 0.05 0.08671875
0 0.23359375 0.6890625 0.0421875 0.06015625
0 0.28671875 0.61640625 0.0734375 0.05
0 0.27109375 0.67578125 0.06015625 0.04140625
0 0.2296875 0.61328125 0.02421875 0.08984375
0 0.359375 0.60078125 0.04453125 0.10390625
0 0.47109375 0.66484375 0.03515625 0.0953125
0 0.371875 0.79453125 0.04765625 0.0578125
0 0.4109375 0.76015625 0.0484375 0.09296875
0 0.44921875 0.7890625 0.03359375 0.0921875
0 0.4140625 0.85625 0.02890625 0.0796875
0 0.3828125 0.8703125 0.03515625 0.09296875
0 0.33984375 0.85703125 0.03515625 0.10625
0 0.3015625 0.8140625 0.02265625 0.09296875
0 0.2796875 0.89609375 0.03359375 0.08671875
0 0.24921875 0.859375 0.0203125 0.08359375
0 0.21328125 0.9125 0.0640625 0.075
0 0.11796875 0.45625 0.06875 0.04921875
0 0.05 0.4640625 0.0578125 0.04375
0 0.496875 0.57265625 0.0359375 0.08671875
0 0.55390625 0.54765625 0.0375 0.0703125
0 0.5984375 0.53203125 0.03515625 0.0953125
0 0.53828125 0.65234375 0.0390625 0.0890625
0 0.5046875 0.66796875 0.02890625 0.10234375
0 0.57265625 0.6625 0.0265625 0.08984375
0 0.6015625 0.66171875 0.02890625 0.1015625
0 0.6390625 0.6734375 0.04375 0.08203125
0 0.521875 0.76640625 0.05859375 0.03984375
0 0.5078125 0.85390625 0.03203125 0.109375
0 0.44765625 0.89765625 0.0265625 0.084375
0 0.32734375 0.95625 0.03203125 0.06953125
0 0.36171875 0.94765625 0.0421875 0.034375
0 0.46015625 0.9640625 0.02109375 0.0671875
0 0.4265625 0.97421875 0.04453125 0.046875
0 0.39765625 0.971875 0.02578125 0.053125
0 0.55625 0.9046875 0.04296875 0.065625
0 0.59453125 0.90234375 0.05859375 0.05703125
0 0.63671875 0.80859375 0.02734375 0.09609375
0 0.6671875 0.846875 0.02734375 0.08671875
0 0.6328125 0.9375 0.01875 0.05546875
0 0.6484375 0.89921875 0.0234375 0.0609375
0 0.5921875 0.96328125 0.03359375 0.0703125
0 0.43984375 0.4859375 0.05234375 0.078125
0 0.48515625 0.50703125 0.04296875 0.0828125
0 0.39921875 0.52421875 0.0328125 0.09609375
0 0.5171875 0.42109375 0.06328125 0.05234375
0 0.54453125 0.465625 0.05625 0.06171875
0 0.58203125 0.36484375 0.02890625 0.08359375
0 0.52109375 0.3359375 0.02421875 0.05703125
0 0.5328125 0.31640625 0.04296875 0.0828125
0 0.45859375 0.38203125 0.06328125 0.04921875
0 0.4 0.38203125 0.03359375 0.08984375
0 0.43515625 0.2875 0.025 0.09296875
0 0.48515625 0.321875 0.0421875 0.08828125
0 0.52578125 0.22421875 0.03984375 0.0890625
0 0.48046875 0.23671875 0.06328125 0.0640625
0 0.39765625 0.27421875 0.02578125 0.090625
0 0.34609375 0.2546875 0.021875 0.1015625
0 0.3734375 0.2453125 0.028125 0.0953125
0 0.2828125 0.2796875 0.04375 0.08671875
0 0.18125 0.29296875 0.0484375 0.03828125
0 0.14609375 0.38125 0.04140625 0.10703125
0 0.1 0.3546875 0.0484375 0.04609375
0 0.1125 0.296875 0.05234375 0.05625
0 0.15546875 0.540625 0.053125 0.07578125
0 0.22109375 0.534375 0.04296875 0.0703125
0 0.25546875 0.575 0.03203125 0.0796875
0 0.33125 0.18203125 0.06640625 0.0390625
0 0.3203125 0.11640625 0.0390625 0.0875
0 0.42890625 0.215625 0.03359375 0.0734375
0 0.61953125 0.25 0.07109375 0.05
0 0.60703125 0.29765625 0.05234375 0.0515625
0 0.5640625 0.26640625 0.028125 0.08984375
0 0.6359375 0.14453125 0.0671875 0.0484375
0 0.703125 0.24140625 0.0609375 0.06953125
0 0.70078125 0.29375 0.0515625 0.04375
0 0.6546875 0.33359375 0.02734375 0.084375
0 0.6171875 0.36640625 0.0328125 0.06875
0 0.67890625 0.390625 0.03046875 0.0921875
0 0.70625 0.359375 0.03046875 0.08515625
0 0.746875 0.3 0.046875 0.07734375
0 0.70859375 0.47421875 0.0375 0.0890625
0 0.68203125 0.59140625 0.0234375 0.06796875
0 0.70859375 0.5890625 0.02578125 0.09296875
0 0.665625 0.728125 0.02421875 0.109375
0 0.6953125 0.70390625 0.02734375 0.10234375
0 0.7515625 0.62578125 0.02421875 0.09296875
0 0.7609375 0.53671875 0.03828125 0.059375
0 0.76171875 0.4421875 0.034375 0.0671875
0 0.73125 0.4453125 0.0265625 0.084375
0 0.7078125 0.83984375 0.0390625 0.08046875
0 0.7265625 0.78984375 0.040625 0.06953125
0 0.7421875 0.7453125 0.0359375 0.07578125
0 0.75390625 0.70859375 0.0484375 0.078125
0 0.6765625 0.91328125 0.03203125 0.0921875
0 0.975 0.96015625 0.025 0.0796875
0 0.9875 0.91796875 0.025 0.08671875
0 0.925 0.86640625 0.05078125 0.0734375
0 0.93203125 0.95859375 0.04140625 0.08203125
0 0.8828125 0.9421875 0.02890625 0.08515625
0 0.7796875 0.95859375 0.0484375 0.0546875
0 0.825 0.92578125 0.02890625 0.071875
0 0.78828125 0.85703125 0.02578125 0.09296875
0 0.7640625 0.8234375 0.0296875 0.09296875
0 0.80390625 0.7796875 0.025 0.0875
0 0.82265625 0.72421875 0.05859375 0.03515625
0 0.903125 0.78125 0.0265625 0.08046875
0 0.85 0.67109375 0.0234375 0.0765625
0 0.87421875 0.6453125 0.02109375 0.08515625
0 0.82890625 0.60546875 0.040625 0.08203125
0 0.78828125 0.59921875 0.0265625 0.08359375
0 0.73046875 0.9578125 0.034375 0.07421875
0 0.69296875 0.940625 0.03125 0.0640625
0 0.69921875 0.98359375 0.025 0.0328125
0 0.74765625 0.91171875 0.025 0.0515625
0 0.84765625 0.86953125 0.03671875 0.07421875
0 0.83984375 0.80234375 0.0375 0.06640625
0 0.8671875 0.77890625 0.03046875 0.084375
0 0.9078125 0.69765625 0.034375 0.078125
0 0.840625 0.44765625 0.04140625 0.06328125
0 0.83828125 0.396875 0.059375 0.04765625
0 0.79921875 0.39609375 0.0390625 0.0703125
0 0.8078125 0.2390625 0.03203125 0.09765625
0 0.78515625 0.21171875 0.03125 0.09765625
0 0.73515625 0.14140625 0.03671875 0.09921875