0 0.63984375 0.36796875 0.0796875 0.09765625
0 0.575 0.33046875 0.07265625 0.1140625
0 0.6375 0.5359375 0.05625 0.14375
0 0.6125 0.6578125 0.0390625 0.11875
0 0.62734375 0.69375 0.03515625 0.06953125
0 0.66640625 0.6484375 0.0515625 0.125
0 0.28046875 0.1453125 0.11171875 0.10625
0 0.1359375 0.08984375 0.0765625 0.07578125
0 0.05859375 0.090625 0.07734375 0.08359375
0 0.1234375 0.37890625 0.04296875 0.1328125
0 0.04609375 0.41484375 0.071875 0.13203125
0 0.20078125 0.703125 0.05546875 0.11484375
0 0.34296875 0.89765625 0.06328125 0.1078125
0 0.37109375 0.82109375 0.03984375 0.10390625
0 0.41171875 0.89140625 0.05390625 0.12265625
0 0.49140625 0.96484375 0.0578125 0.0703125
0 0.56875 0.8640625 0.03515625 0.153125
0 0.6484375 0.82109375 0.05 0.1375
0 0.6609375 0.946875 0.0625 0.10625
0 0.084375 0.9734375 0.090625 0.053125
0 0.17578125 0.91171875 0.071875 0.0984375
0 0.259375 0.9140625 0.06328125 0.09375
0 0.25390625 0.82578125 0.05546875 0.08359375
0 0.19375 0.8078125 0.07734375 0.09453125
0 0.11640625 0.8171875 0.065625 0.1
0 0.01875 0.76484375 0.0375 0.14921875
0 0.22421875 0.34375 0.0734375 0.10703125
0 0.18828125 0.40234375 0.065625 0.11015625
0 0.1921875 0.5453125 0.0625 0.11953125
0 0.134375 0.653125 0.05703125 0.1234375
0 0.08203125 0.571875 0.078125 0.090625
0 0.51953125 0.3859375 0.06015625 0.1234375
0 0.46875 0.36328125 0.065625 0.1390625
0 0.38515625 0.240625 0.0765625 0.0765625
0 0.459375 0.2359375 0.053125 0.07734375
0 0.2453125 0.2640625 0.090625 0.09765625
0 0.1390625 0.22265625 0.09765625 0.08125
0 0.03984375 0.19375 0.06171875 0.13671875
0 0.0546875 0.28203125 0.05703125 0.1328125
0 0.2515625 0.62109375 0.059375 0.134375
0 0.32890625 0.59921875 0.04453125 0.13046875
0 0.38515625 0.70625 0.05 0.121875
0 0.4421875 0.7375 0.04765625 0.1015625
0 0.49375 0.65078125 0.04140625 0.12421875
0 0.5703125 0.64375 0.03515625 0.13359375
0 0.48359375 0.525 0.034375 0.13203125
0 0.521875 0.52421875 0.0359375 0.12421875
0 0.5640625 0.55078125 0.06875 0.09765625
0 0.42578125 0.48671875 0.05234375 0.1296875
0 0.38671875 0.42578125 0.07890625 0.1171875
0 0.33671875 0.35703125 0.04765625 0.1390625
0 0.28125 0.40078125 0.04296875 0.1375
0 0.4875 0.80390625 0.06015625 0.12421875
0 0.50703125 0.7515625 0.04921875 0.0921875
0 0.55859375 0.75390625 0.03984375 0.05625
0 0.078125 0.73359375 0.08671875 0.0671875
0 0.03984375 0.83125 0.06875 0.08125