0 0.328125 0.2203125 0.021875 0.1046875
0 0.2828125 0.12421875 0.05078125 0.09765625
0 0.3765625 0.0296875 0.06796875 0.0515625
0 0.578125 0.03984375 0.03359375 0.0796875
0 0.65078125 0.071875 0.04453125 0.0875
0 0.70078125 0.04375 0.05 0.0875
0 0.7890625 0.0328125 0.034375 0.06015625
0 0.83984375 0.096875 0.04375 0.11328125
0 0.8984375 0.14375 0.046875 0.0953125
0 0.17578125 0.01640625 0.0515625 0.0328125
0 0.23046875 0.02890625 0.0265625 0.0578125
0 0.05234375 0.5875 0.034375 0.08984375
0 0.034375 0.51171875 0.0515625 0.0890625
0 0.11640625 0.66171875 0.06875 0.07890625
0 0.1625 0.5984375 0.0640625 0.0828125
0 0.1046875 0.55703125 0.0328125 0.115625
0 0.15078125 0.8046875 0.046875 0.09609375
0 0.190625 0.83046875 0.03125 0.0546875
0 0.2078125 0.9421875 0.06328125 0.0484375
0 0.20234375 0.8984375 0.0484375 0.06328125
0 0.146875 0.940625 0.05625 0.06015625
0 0.15546875 0.890625 0.06328125 0.046875
0 0.2421875 0.846875 0.0328125 0.090625
0 0.28046875 0.865625 0.03515625 0.0734375
0 0.34296875 0.83359375 0.0421875 0.10859375
0 0.378125 0.86484375 0.03828125 0.09453125
0 0.31875 0.978125 0.03125 0.04375
0 0.3875 0.96796875 0.03359375 0.0640625
0 0.34609375 0.97109375 0.0296875 0.0578125
0 0.3203125 0.91875 0.04375 0.07578125
0 0.446875 0.89375 0.02109375 0.0921875
0 0.40703125 0.84609375 0.0375 0.0953125
0 0.44375 0.79140625 0.03046875 0.096875
0 0.41796875 0.7515625 0.0328125 0.0984375
0 0.37109375 0.74765625 0.03828125 0.07578125
0 0.32734375 0.72265625 0.03828125 0.10078125
0 0.296875 0.78046875 0.04375 0.1
0 0.2640625 0.7625 0.0328125 0.109375
0 0.2234375 0.7484375 0.04609375 0.09453125
0 0.23828125 0.671875 0.06640625 0.0609375
0 0.2734375 0.6484375 0.05546875 0.05390625
0 0.3625 0.58828125 0.0453125 0.09453125
0 0.2453125 0.56796875 0.03828125 0.09921875
0 0.29140625 0.5765625 0.03203125 0.096875
0 0.20859375 0.5046875 0.03828125 0.096875
0 0.16015625 0.525 0.0609375 0.059375
0 0.1234375 0.45 0.04296875 0.09375
0 0.1640625 0.45078125 0.04375 0.0828125
0 0.04609375 0.42578125 0.05546875 0.103125
0 0.09609375 0.38671875 0.059375 0.04765625
0 0.25078125 0.4578125 0.0328125 0.109375
0 0.28984375 0.471875 0.025 0.10546875
0 0.3265625 0.4828125 0.03046875 0.0953125
0 0.37421875 0.45625 0.03828125 0.09765625
0 0.33671875 0.3828125 0.0359375 0.103125
0 0.2828125 0.36875 0.0390625 0.0921875
0 0.21875 0.36328125 0.02578125 0.090625
0 0.16015625 0.37265625 0.0734375 0.053125
0 0.0984375 0.340625 0.05703125 0.0546875
0 0.0609375 0.2875 0.04921875 0.06796875
0 0.11953125 0.303125 0.040625 0.06875
0 0.1671875 0.31171875 0.05390625 0.075
0 0.12421875 0.23125 0.03828125 0.10234375
0 0.46484375 0.70546875 0.059375 0.09609375
0 0.509375 0.75859375 0.0203125 0.03359375
0 0.50625 0.8609375 0.03203125 0.11015625
0 0.45625 0.9578125 0.0265625 0.0765625
0 0.68515625 0.834375 0.0375 0.09140625
0 0.61484375 0.72421875 0.06328125 0.06328125
0 0.55234375 0.63984375 0.03671875 0.10078125
0 0.61953125 0.64140625 0.0375 0.09453125
0 0.60546875 0.52578125 0.03515625 0.09765625
0 0.49765625 0.55625 0.0546875 0.0703125
0 0.55859375 0.540625 0.0296875 0.06328125
0 0.49140625 0.46875 0.03671875 0.10234375
0 0.42421875 0.52265625 0.071875 0.06484375
0 0.44921875 0.4515625 0.028125 0.103125
0 0.41015625 0.41875 0.03515625 0.1109375
0 0.43203125 0.33671875 0.03671875 0.08671875
0 0.4046875 0.25 0.0328125 0.09609375
0 0.3640625 0.30703125 0.0421875 0.09140625
0 0.278125 0.26953125 0.03828125 0.11484375
0 0.2390625 0.2453125 0.0328125 0.10546875
0 0.20390625 0.19140625 0.028125 0.11015625
0 0.16953125 0.2234375 0.034375 0.0953125
0 0.08125 0.20234375 0.0421875 0.0984375
0 0.55703125 0.871875 0.04453125 0.07890625
0 0.5609375 0.77578125 0.03671875 0.08515625
0 0.62734375 0.79921875 0.04765625 0.08203125
0 0.7640625 0.82109375 0.0390625 0.0828125
0 0.6984375 0.725 0.02578125 0.0984375
0 0.746875 0.73203125 0.02578125 0.09453125
0 0.771875 0.9234375 0.03125 0.08046875
0 0.69296875 0.93984375 0.02734375 0.05546875
0 0.7328125 0.96015625 0.02734375 0.0765625
0 0.65546875 0.9890625 0.0171875 0.021875
0 0.571875 0.9609375 0.02109375 0.046875
0 0.53984375 0.96484375 0.03046875 0.0703125
0 0.5 0.9796875 0.028125 0.040625
0 0.4953125 0.66953125 0.034375 0.08984375
0 0.79375 0.60078125 0.03359375 0.09296875
0 0.88671875 0.91484375 0.0328125 0.0984375
0 0.85234375 0.90234375 0.0265625 0.07578125
0 0.62421875 0.28671875 0.04375 0.09609375
0 0.66328125 0.30703125 0.03828125 0.09609375
0 0.62734375 0.41796875 0.04609375 0.09765625
0 0.784375 0.39375 0.03671875 0.09453125
0 0.7640625 0.26328125 0.05703125 0.07265625
0 0.87421875 0.31640625 0.040625 0.1
0 0.86328125 0.23203125 0.04375 0.09453125
0 0.76953125 0.19296875 0.0328125 0.09609375
0 0.8078125 0.13359375 0.0609375 0.0859375
0 0.71640625 0.12734375 0.0328125 0.103125
0 0.64921875 0.13203125 0.06640625 0.07890625
0 0.578125 0.11484375 0.05390625 0.0859375
0 0.490625 0.13984375 0.0296875 0.0953125
0 0.52421875 0.1171875 0.03046875 0.1046875
0 0.57109375 0.1734375 0.0546875 0.08984375
0 0.565625 0.246875 0.034375 0.09375
0 0.59296875 0.346875 0.02578125 0.08671875
0 0.56796875 0.40390625 0.0734375 0.0515625
0 0.5421875 0.315625 0.04140625 0.10546875
0 0.53828125 0.209375 0.03046875 0.09921875
0 0.3625 0.09609375 0.04765625 0.09609375
0 0.32734375 0.084375 0.0359375 0.09765625
0 0.30390625 0.040625 0.07265625 0.053125
0 0.40546875 0.1640625 0.07109375 0.03671875
0 0.36171875 0.1921875 0.0453125 0.10078125
0 0.4859375 0.31328125 0.034375 0.103125
0 0.459375 0.25546875 0.0375 0.0828125
0 0.45234375 0.121875 0.06796875 0.05703125
0 0.43125 0.05234375 0.0421875 0.09375
0 0.4875 0.05390625 0.03515625 0.08671875
0 0.696875 0.38203125 0.0296875 0.11171875
0 0.73203125 0.37890625 0.0453125 0.09140625
0 0.6921875 0.26953125 0.0203125 0.10859375
0 0.7234375 0.28359375 0.034375 0.0984375
0 0.72265625 0.2125 0.053125 0.04609375
0 0.6875 0.5875 0.03203125 0.0671875
0 0.71171875 0.55625 0.0578125 0.0859375
0 0.71328125 0.4703125 0.03359375 0.08828125
0 0.75078125 0.43125 0.03359375 0.0984375
0 0.7890625 0.4875 0.02890625 0.08515625
0 0.84140625 0.5 0.0375 0.0765625
0 0.815625 0.48125 0.025 0.071875
0 0.92578125 0.62421875 0.05859375 0.07734375
0 0.88125 0.65234375 0.02265625 0.09296875
0 0.94140625 0.24609375 0.05078125 0.06875
0 0.9359375 0.30546875 0.03984375 0.0484375
0 0.91171875 0.38125 0.03203125 0.0890625
0 0.88125 0.45703125 0.040625 0.0875
0 0.87734375 0.565625 0.04140625 0.084375
0 0.859375 0.53046875 0.03828125 0.0765625
0 0.82109375 0.41484375 0.0546875 0.06953125
0 0.80078125 0.32421875 0.05078125 0.06953125
0 0.8734375 0.38203125 0.0390625 0.05078125
0 0.90390625 0.2828125 0.03046875 0.10390625
0 0.65859375 0.01171875 0.02421875 0.0234375
0 0.80625 0.753125 0.02578125 0.09765625
0 0.77734375 0.68828125 0.02890625 0.08515625
0 0.71640625 0.640625 0.06015625 0.06328125
0 0.7953125 0.85078125 0.0234375 0.0828125
0 0.8375 0.8359375 0.0265625 0.05703125
0 0.86328125 0.77421875 0.03203125 0.09375
0 0.8875 0.82890625 0.02421875 0.05703125
0 0.921875 0.878125 0.0546875 0.05859375
0 0.915625 0.95625 0.02578125 0.08671875
0 0.9796875 0.959375 0.0390625 0.08125
0 0.946875 0.9265625 0.0296875 0.0734375
0 0.971875 0.87734375 0.05625 0.0390625
0 0.6515625 0.953125 0.05234375 0.040625
0 0.65390625 0.890625 0.02734375 0.0875
0 0.596875 0.87578125 0.03984375 0.0359375
0 0.82421875 0.93203125 0.0265625 0.08203125
0 0.80078125 0.92890625 0.0234375 0.071875
0 0.759375 0.5546875 0.04765625 0.08046875
0 0.49609375 0.22578125 0.06328125 0.0890625
0 0.23125 0.11875 0.03125 0.10546875
0 0.1921875 0.11796875 0.053125 0.09296875
0 0.15078125 0.05625 0.04921875 0.09140625
0 0.13359375 0.11328125 0.05234375 0.09765625
0 0.096875 0.0484375 0.02890625 0.09453125
0 0.053125 0.04140625 0.03046875 0.0828125
0 0.009375 0.07578125 0.01875 0.1015625
0 0.01796875 0.0125 0.0359375 0.02421875
0 0.05078125 0.11953125 0.04296875 0.09296875
0 0.0140625 0.23125 0.028125 0.1
0 0.0375 0.1984375 0.05546875 0.09296875
0 0.01171875 0.31640625 0.0234375 0.0828125
0 0.03046875 0.33125 0.0359375 0.06328125
0 0.046875 0.35859375 0.02890625 0.04375
0 0.01171875 0.59375 0.0234375 0.04375