0 0.70703125 0.24765625 0.0609375 0.1109375
0 0.71953125 0.5734375 0.06171875 0.1015625
0 0.69453125 0.521875 0.053125 0.09296875
0 0.51796875 0.21875 0.05 0.13046875
0 0.61015625 0.26640625 0.0796875 0.0953125
0 0.41640625 0.26875 0.05546875 0.12265625
0 0.21015625 0.2390625 0.04140625 0.1140625
0 0.2484375 0.2328125 0.04296875 0.0984375
0 0.16484375 0.3328125 0.04609375 0.12109375
0 0.02734375 0.32890625 0.0546875 0.1234375
0 0.07265625 0.428125 0.04921875 0.11875
0 0.0984375 0.32890625 0.08046875 0.06171875
0 0.2234375 0.38984375 0.0328125 0.11953125
0 0.2765625 0.42265625 0.053125 0.11796875
0 0.26796875 0.53125 0.0453125 0.12421875
0 0.1703125 0.51640625 0.04765625 0.10859375
0 0.325 0.97421875 0.04765625 0.05078125
0 0.37109375 0.9625 0.03515625 0.07421875
0 0.43984375 0.9671875 0.07890625 0.05625
0 0.22109375 0.9859375 0.0609375 0.028125
0 0.10625 0.88125 0.05390625 0.1109375
0 0.1453125 0.8640625 0.04296875 0.1109375
0 0.05546875 0.87578125 0.05 0.1140625
0 0.28515625 0.775 0.03828125 0.10703125
0 0.34140625 0.71796875 0.04765625 0.10234375
0 0.39296875 0.70625 0.03515625 0.11796875
0 0.4421875 0.884375 0.06640625 0.0890625
0 0.440625 0.8109375 0.0640625 0.0890625
0 0.52421875 0.84140625 0.05703125 0.10546875
0 0.63515625 0.8765625 0.04140625 0.11171875
0 0.68359375 0.8390625 0.02890625 0.10078125
0 0.7703125 0.88359375 0.07890625 0.0859375
0 0.76640625 0.8515625 0.08359375 0.04453125
0 0.72265625 0.9578125 0.05 0.08125
0 0.55703125 0.90859375 0.04765625 0.10078125
0 0.5109375 0.925 0.04765625 0.07734375
0 0.79765625 0.95 0.0453125 0.09921875
0 0.8375 0.94453125 0.05 0.1109375
0 0.90078125 0.94921875 0.06796875 0.07421875
0 0.9609375 0.97109375 0.0390625 0.0578125
0 0.928125 0.8328125 0.03359375 0.10078125
0 0.77890625 0.7796875 0.0421875 0.11796875
0 0.83125 0.7078125 0.04296875 0.1015625
0 0.9 0.7203125 0.07734375 0.0875
0 0.9734375 0.72265625 0.05234375 0.10703125
0 0.2984375 0.89140625 0.0640625 0.10546875
0 0.21796875 0.8609375 0.05625 0.0640625
0 0.221875 0.78984375 0.0328125 0.078125
0 0.25546875 0.7203125 0.0453125 0.09609375
0 0.04609375 0.609375 0.040625 0.10078125
0 0.1140625 0.63203125 0.034375 0.09609375
0 0.1 0.77265625 0.0390625 0.11796875
0 0.14609375 0.77890625 0.04921875 0.09375
0 0.11171875 0.9734375 0.08671875 0.053125
0 0.03828125 0.78046875 0.0625 0.09609375
0 0.1875 0.7125 0.06875 0.06171875
0 0.1546875 0.62890625 0.0390625 0.10703125
0 0.19609375 0.640625 0.04296875 0.09765625
0 0.21640625 0.5890625 0.06484375 0.07265625
0 0.23828125 0.6484375 0.0421875 0.08203125
0 0.2796875 0.62578125 0.03515625 0.0859375
0 0.33125 0.58671875 0.03828125 0.11796875
0 0.02734375 0.509375 0.0546875 0.12734375
0 0.1 0.5203125 0.03828125 0.11640625
0 0.13515625 0.4328125 0.0625 0.09140625
0 0.29296875 0.2765625 0.04296875 0.10625
0 0.30625 0.37890625 0.03046875 0.10625
0 0.33671875 0.31796875 0.040625 0.12265625
0 0.375 0.37578125 0.02578125 0.109375
0 0.3328125 0.47734375 0.03984375 0.09765625
0 0.40234375 0.396875 0.0578125 0.08203125
0 0.37265625 0.4921875 0.0390625 0.08671875
0 0.4234375 0.46875 0.0375 0.053125
0 0.44296875 0.5140625 0.03984375 0.08984375
0 0.37578125 0.58359375 0.0359375 0.07265625
0 0.4046875 0.6046875 0.03515625 0.09453125
0 0.496875 0.5078125 0.065625 0.065625
0 0.54296875 0.61015625 0.0578125 0.11796875
0 0.609375 0.6296875 0.05703125 0.0953125
0 0.621875 0.73515625 0.046875 0.0890625
0 0.5515625 0.77265625 0.06875 0.10859375
0 0.53203125 0.71953125 0.05390625 0.0984375
0 0.4328125 0.7171875 0.0421875 0.09609375
0 0.46875 0.7203125 0.046875 0.0859375
0 0.715625 0.71328125 0.03125 0.1125
0 0.75078125 0.7171875 0.059375 0.08359375
0 0.67734375 0.675 0.0453125 0.09453125
0 0.74140625 0.64453125 0.04609375 0.07578125
0 0.8078125 0.65625 0.07109375 0.059375
0 0.790625 0.58515625 0.05625 0.07890625
0 0.88515625 0.6640625 0.03203125 0.10390625
0 0.92890625 0.63984375 0.028125 0.078125
0 0.921875 0.55234375 0.059375 0.10078125
0 0.9703125 0.61171875 0.059375 0.0703125
0 0.75546875 0.409375 0.065625 0.06171875
0 0.8140625 0.4015625 0.05625 0.11875
0 0.77734375 0.50703125 0.07578125 0.0828125
0 0.8453125 0.53125 0.0390625 0.0921875
0 0.628125 0.4796875 0.075 0.065625
0 0.66015625 0.40625 0.04765625 0.10234375
0 0.709375 0.35546875 0.08203125 0.06015625
0 0.86953125 0.35859375 0.084375 0.065625
0 0.89140625 0.50390625 0.040625 0.103125
0 0.9078125 0.4125 0.09921875 0.04375
0 0.97578125 0.40078125 0.04765625 0.1234375
0 0.93515625 0.46171875 0.06875 0.0796875
0 0.9765625 0.52109375 0.046875 0.1171875
0 0.58125 0.44453125 0.05703125 0.12421875
0 0.50234375 0.41953125 0.04921875 0.115625
0 0.4875 0.340625 0.0703125 0.10390625