0 0.05234375 0.27109375 0.040625 0.1171875
0 0.08046875 0.209375 0.03359375 0.08984375
0 0.109375 0.26953125 0.028125 0.13046875
0 0.15234375 0.26875 0.0484375 0.10625
0 0.12421875 0.37578125 0.05703125 0.05
0 0.0578125 0.1453125 0.03046875 0.08828125
0 0.06953125 0.071875 0.03359375 0.09140625
0 0.11875 0.0734375 0.0421875 0.09140625
0 0.190625 0.07265625 0.06015625 0.09296875
0 0.159375 0.16640625 0.0453125 0.1046875
0 0.196875 0.16796875 0.04765625 0.09140625
0 0.203125 0.24609375 0.0453125 0.0640625
0 0.2671875 0.1953125 0.03515625 0.1140625
0 0.27265625 0.1 0.05078125 0.0640625
0 0.30390625 0.0359375 0.0484375 0.071875
0 0.315625 0.115625 0.0203125 0.09296875
0 0.35078125 0.13671875 0.03515625 0.10625
0 0.371875 0.0671875 0.04296875 0.096875
0 0.3078125 0.2515625 0.05390625 0.07265625
0 0.34765625 0.24453125 0.0484375 0.08046875
0 0.2140625 0.35390625 0.05625 0.08984375
0 0.24375 0.33671875 0.0203125 0.1078125
0 0.2875 0.3359375 0.065625 0.02890625
0 0.153125 0.45546875 0.05078125 0.07734375
0 0.16796875 0.5578125 0.03203125 0.165625
0 0.20859375 0.534375 0.0234375 0.103125
0 0.25234375 0.51796875 0.03203125 0.1125
0 0.30234375 0.40078125 0.05625 0.096875
0 0.31015625 0.55625 0.0484375 0.1078125
0 0.3484375 0.45703125 0.028125 0.1
0 0.38515625 0.40234375 0.03671875 0.08984375
0 0.3953125 0.49453125 0.0265625 0.1015625
0 0.43203125 0.40546875 0.0421875 0.0671875
0 0.471875 0.3265625 0.0265625 0.096875
0 0.50859375 0.40625 0.028125 0.1171875
0 0.4421875 0.50703125 0.03515625 0.103125
0 0.49921875 0.55 0.06484375 0.07109375
0 0.428125 0.5859375 0.06484375 0.0640625
0 0.2421875 0.65 0.0609375 0.0609375
0 0.3 0.78125 0.05625 0.07890625
0 0.38203125 0.64296875 0.05703125 0.08359375
0 0.396875 0.7203125 0.028125 0.0953125
0 0.353125 0.8453125 0.04765625 0.08828125
0 0.37890625 0.8015625 0.034375 0.08359375
0 0.41484375 0.828125 0.03984375 0.07890625
0 0.4421875 0.73984375 0.0390625 0.096875
0 0.46640625 0.69375 0.0484375 0.109375
0 0.48203125 0.8046875 0.03125 0.0671875
0 0.51015625 0.84765625 0.040625 0.08046875
0 0.45859375 0.89609375 0.03359375 0.0671875
0 0.2875 0.90234375 0.065625 0.03828125
0 0.29921875 0.846875 0.059375 0.04375
0 0.35625 0.909375 0.0515625 0.03828125
0 0.475 0.9734375 0.05234375 0.05234375
0 0.490625 0.93359375 0.03515625 0.053125
0 0.51953125 0.96640625 0.03671875 0.0671875
0 0.5234375 0.921875 0.0515625 0.0453125
0 0.57421875 0.97890625 0.0453125 0.0421875
0 0.57265625 0.9265625 0.0375 0.03515625
0 0.61015625 0.9359375 0.03203125 0.07890625
0 0.65625 0.9484375 0.04296875 0.05
0 0.6984375 0.95078125 0.03515625 0.0609375
0 0.58046875 0.8296875 0.03359375 0.0625
0 0.6296875 0.80234375 0.03359375 0.0953125
0 0.5578125 0.71484375 0.03203125 0.07890625
0 0.578125 0.615625 0.028125 0.11328125
0 0.63046875 0.62421875 0.0390625 0.103125
0 0.69140625 0.60625 0.03671875 0.0640625
0 0.73828125 0.66171875 0.0546875 0.09140625
0 0.74921875 0.58203125 0.040625 0.07421875
0 0.69921875 0.83515625 0.02890625 0.08359375
0 0.71953125 0.765625 0.034375 0.07421875
0 0.75625 0.74609375 0.03046875 0.07265625
0 0.7875 0.703125 0.04296875 0.08046875
0 0.77890625 0.83515625 0.03359375 0.08359375
0 0.81328125 0.76171875 0.03515625 0.0953125
0 0.75625 0.89375 0.025 0.0953125
0 0.8703125 0.90390625 0.03671875 0.103125
0 0.89375 0.865625 0.03671875 0.08671875
0 0.8859375 0.76796875 0.03359375 0.09140625
0 0.92109375 0.8 0.02265625 0.115625
0 0.959375 0.7671875 0.02578125 0.08984375
0 0.95 0.9109375 0.03984375 0.08671875
0 0.9734375 0.85859375 0.034375 0.059375
0 0.91484375 0.959375 0.0390625 0.06953125
0 0.9875 0.9578125 0.02265625 0.08203125
0 0.803125 0.9734375 0.059375 0.05234375
0 0.89765625 0.5625 0.0484375 0.07578125
0 0.9640625 0.5125 0.03515625 0.07265625
0 0.878125 0.675 0.0484375 0.07265625
0 0.921875 0.68203125 0.06328125 0.0515625
0 0.77421875 0.56171875 0.04921875 0.08046875
0 0.7375 0.46328125 0.040625 0.07421875
0 0.6890625 0.49140625 0.040625 0.07265625
0 0.63359375 0.503125 0.03984375 0.07265625
0 0.5828125 0.41484375 0.04921875 0.08359375
0 0.62265625 0.425 0.03203125 0.07734375
0 0.578125 0.4875 0.0546875 0.02578125
0 0.6203125 0.290625 0.0421875 0.08203125
0 0.66171875 0.2828125 0.03515625 0.08671875
0 0.69453125 0.26015625 0.0453125 0.053125
0 0.73046875 0.3078125 0.03125 0.1109375
0 0.775 0.3890625 0.05703125 0.03515625
0 0.81875 0.41640625 0.05234375 0.07421875
0 0.859375 0.31796875 0.0390625 0.08203125
0 0.8734375 0.4078125 0.02265625 0.07578125
0 0.91484375 0.34375 0.01796875 0.1015625
0 0.88203125 0.49140625 0.06875 0.059375
0 0.8328125 0.5703125 0.03984375 0.059375
0 0.92578125 0.44453125 0.04609375 0.07265625
0 0.97109375 0.3625 0.03671875 0.12421875
0 0.97734375 0.44921875 0.025 0.08359375
0 0.99140625 0.528125 0.0171875 0.1015625
0 0.415625 0.24140625 0.0265625 0.07421875
0 0.40703125 0.3265625 0.0546875 0.07109375
0 0.4375 0.2546875 0.02890625 0.08515625
0 0.453125 0.1875 0.0421875 0.06953125
0 0.503125 0.1828125 0.03046875 0.07890625
0 0.4796875 0.13125 0.07109375 0.059375
0 0.5046875 0.2625 0.0421875 0.07109375
0 0.54375 0.2015625 0.03359375 0.1203125
0 0.5890625 0.178125 0.01796875 0.09140625
0 0.571875 0.31640625 0.05390625 0.065625
0 0.61875 0.09140625 0.0484375 0.07734375
0 0.66640625 0.08984375 0.03203125 0.0640625
0 0.7046875 0.084375 0.03515625 0.07578125
0 0.66484375 0.18359375 0.03984375 0.0609375
0 0.70703125 0.196875 0.025 0.03046875
0 0.746875 0.23359375 0.05078125 0.08046875
0 0.7671875 0.103125 0.04765625 0.08046875
0 0.81171875 0.09140625 0.025 0.1125
0 0.840625 0.07109375 0.021875 0.1125
0 0.90390625 0.0671875 0.04375 0.09296875
0 0.9734375 0.0609375 0.04609375 0.096875
0 0.8984375 0.2453125 0.0546875 0.0984375
0 0.92578125 0.1609375 0.0265625 0.08671875
0 0.96171875 0.1609375 0.01484375 0.08671875
0 0.7921875 0.33828125 0.05078125 0.07578125
0 0.8 0.26640625 0.040625 0.08828125
0 0.83671875 0.2296875 0.04765625 0.08359375
0 0.6453125 0.38046875 0.06640625 0.07578125
0 0.69609375 0.37578125 0.04296875 0.065625
0 0.50546875 0.065625 0.0515625 0.0671875
0 0.421875 0.0796875 0.0390625 0.08828125
0 0.4578125 0.0515625 0.0453125 0.0421875
0 0.40390625 0.1640625 0.04609375 0.0546875
0 0.36640625 0.33828125 0.05234375 0.0625
0 0.5671875 0.03984375 0.01796875 0.0796875
0 0.6171875 0.0203125 0.034375 0.03984375
0 0.703125 0.02109375 0.03671875 0.0421875
0 0.784375 0.0375 0.05390625 0.059375