0 0.225 0.08203125 0.0859375 0.06640625
0 0.253125 0.034375 0.046875 0.06875
0 0.31953125 0.028125 0.0390625 0.05546875
0 0.39609375 0.103125 0.040625 0.121875
0 0.3953125 0.02421875 0.03828125 0.0484375
0 0.45078125 0.07109375 0.046875 0.13125
0 0.5140625 0.07578125 0.0546875 0.134375
0 0.17734375 0.12578125 0.07109375 0.090625
0 0.18203125 0.24453125 0.08515625 0.0921875
0 0.25 0.18203125 0.05078125 0.1328125
0 0.24140625 0.3109375 0.07734375 0.12421875
0 0.19765625 0.43515625 0.09921875 0.07890625
0 0.21328125 0.540625 0.03984375 0.12421875
0 0.1796875 0.7203125 0.0421875 0.1203125
0 0.2578125 0.7578125 0.0546875 0.11875
0 0.359375 0.753125 0.0359375 0.1125
0 0.37578125 0.84609375 0.0875 0.07109375
0 0.4046875 0.95078125 0.0703125 0.09765625
0 0.475 0.83203125 0.040625 0.1328125
0 0.5140625 0.94375 0.0609375 0.09609375
0 0.54375 0.89921875 0.04609375 0.12734375
0 0.58984375 0.97109375 0.0625 0.0578125
0 0.2859375 0.6578125 0.078125 0.08515625
0 0.31015625 0.7515625 0.0484375 0.11171875
0 0.3390625 0.59765625 0.05078125 0.13046875
0 0.28203125 0.53828125 0.04453125 0.128125
0 0.2546875 0.39375 0.03828125 0.11015625
0 0.321875 0.4390625 0.0453125 0.12109375
0 0.37578125 0.41328125 0.07578125 0.08828125
0 0.321875 0.32265625 0.05859375 0.11015625
0 0.325 0.2109375 0.0484375 0.13125
0 0.378125 0.25 0.0484375 0.09296875
0 0.4015625 0.32265625 0.05 0.09453125
0 0.44375 0.34140625 0.03828125 0.128125
0 0.4796875 0.32734375 0.04453125 0.10390625
0 0.4625 0.46484375 0.0421875 0.11875
0 0.403125 0.515625 0.04609375 0.11015625
0 0.40859375 0.66015625 0.05625 0.0859375
0 0.44296875 0.596875 0.05 0.10859375
0 0.47578125 0.67265625 0.07265625 0.10078125
0 0.52421875 0.73515625 0.078125 0.059375
0 0.54140625 0.790625 0.0546875 0.090625
0 0.6234375 0.9015625 0.0390625 0.12265625
0 0.66171875 0.90625 0.0453125 0.13125
0 0.703125 0.82890625 0.0359375 0.1328125
0 0.55625 0.4515625 0.0359375 0.12265625
0 0.49453125 0.48359375 0.0515625 0.12265625
0 0.565625 0.559375 0.07109375 0.08984375
0 0.58515625 0.64453125 0.0796875 0.05859375
0 0.6609375 0.66328125 0.06484375 0.07890625
0 0.68515625 0.7109375 0.05859375 0.084375
0 0.72109375 0.93203125 0.0578125 0.1125
0 0.76953125 0.9453125 0.059375 0.103125
0 0.75234375 0.71640625 0.04609375 0.115625
0 0.73984375 0.6 0.04375 0.121875
0 0.659375 0.5671875 0.0546875 0.1078125
0 0.61640625 0.5453125 0.04921875 0.1328125
0 0.7125 0.48671875 0.04765625 0.121875
0 0.6890625 0.42734375 0.05625 0.1171875
0 0.76953125 0.43359375 0.053125 0.1296875
0 0.83046875 0.4484375 0.03984375 0.125
0 0.80859375 0.5234375 0.07578125 0.06875
0 0.8765625 0.56328125 0.03515625 0.121875
0 0.8890625 0.69140625 0.03203125 0.12109375
0 0.83515625 0.740625 0.08125 0.0734375
0 0.78203125 0.85234375 0.06875 0.06328125
0 0.8046875 0.8046875 0.078125 0.08515625
0 0.86171875 0.85859375 0.0625 0.11953125
0 0.8859375 0.965625 0.065625 0.06875
0 0.81953125 0.953125 0.0484375 0.09375
0 0.6265625 0.20859375 0.05078125 0.12421875
0 0.5453125 0.178125 0.06171875 0.11875
0 0.48828125 0.18046875 0.0453125 0.1390625
0 0.428125 0.209375 0.0421875 0.134375
0 0.55234375 0.3359375 0.0453125 0.11015625
0 0.6140625 0.3984375 0.053125 0.11875
0 0.65078125 0.2984375 0.03359375 0.1171875
0 0.69765625 0.2859375 0.0421875 0.1078125
0 0.74453125 0.2984375 0.06015625 0.0890625
0 0.6359375 0.06953125 0.053125 0.12734375
0 0.675 0.09296875 0.03203125 0.13828125
0 0.821875 0.13046875 0.0375 0.140625
0 0.95 0.26875 0.05859375 0.1203125
0 0.9265625 0.21328125 0.0359375 0.13125
0 0.859375 0.259375 0.0453125 0.1046875
0 0.846875 0.34375 0.07734375 0.05625
0 0.88515625 0.39921875 0.046875 0.10078125
0 0.9265625 0.44765625 0.0859375 0.0734375
0 0.865625 0.0453125 0.05859375 0.090625
0 0.9671875 0.04140625 0.05859375 0.08203125
0 0.9140625 0.04296875 0.04765625 0.0859375
0 0.7875 0.0453125 0.08125 0.04921875
0 0.859375 0.64765625 0.06484375 0.09609375
0 0.9625 0.590625 0.03359375 0.1296875
0 0.92265625 0.70234375 0.04921875 0.1
0 0.9171875 0.7828125 0.07578125 0.05390625
0 0.95234375 0.8609375 0.04765625 0.09609375
0 0.9734375 0.92734375 0.05234375 0.06015625
0 0.97265625 0.496875 0.0546875 0.053125
0 0.9765625 0.359375 0.046875 0.08203125