0 0.30625 0.4125 0.2734375 0.18125
0 0.38203125 0.63671875 0.1578125 0.22578125
0 0.4359375 0.87890625 0.1953125 0.24140625
0 0.228125 0.88515625 0.1640625 0.2296875
0 0.17890625 0.66875 0.2171875 0.24296875
0 0.5265625 0.66328125 0.1265625 0.23125
0 0.64375 0.79921875 0.1109375 0.22265625
0 0.78125 0.89375 0.15625 0.2125
0 0.88359375 0.78203125 0.178125 0.234375
0 0.809375 0.61796875 0.0953125 0.22265625
0 0.69140625 0.55078125 0.09765625 0.2046875
0 0.74375 0.375 0.14453125 0.2578125
0 0.5640625 0.31015625 0.19921875 0.14609375
0 0.578125 0.4375 0.125 0.2078125
0 0.4203125 0.1140625 0.140625 0.228125
0 0.2734375 0.08515625 0.08203125 0.16953125
0 0.15546875 0.234375 0.1109375 0.24609375
0 0.19921875 0.07734375 0.0953125 0.1546875
0 0.15 0.47578125 0.1171875 0.20234375
0 0.69140625 0.19609375 0.171875 0.18125
0 0.51640625 0.075 0.05625 0.14921875
0 0.64765625 0.071875 0.1625 0.1140625
0 0.8484375 0.115625 0.18125 0.1375
0 0.84765625 0.34140625 0.109375 0.21953125
0 0.85546875 0.24296875 0.1015625 0.16953125
0 0.95234375 0.5171875 0.0953125 0.13203125
0 0.96171875 0.346875 0.0765625 0.14921875
0 0.9625 0.17109375 0.07421875 0.12578125