0 0.4078125 0.2875 0.0234375 0.06953125
0 0.29375 0.390625 0.021875 0.0546875
0 0.1421875 0.5234375 0.02734375 0.053125
0 0.18515625 0.6328125 0.02265625 0.06171875
0 0.35859375 0.62421875 0.0203125 0.046875
0 0.42890625 0.67734375 0.03125 0.0375
0 0.45234375 0.59375 0.0234375 0.04921875
0 0.4890625 0.609375 0.0265625 0.03984375
0 0.484375 0.56796875 0.02578125 0.0296875
0 0.4515625 0.52890625 0.02578125 0.0421875
0 0.41640625 0.56015625 0.0234375 0.065625
0 0.38984375 0.58515625 0.02265625 0.04921875
0 0.37890625 0.58515625 0.0359375 0.01953125
0 0.36796875 0.53203125 0.0265625 0.05234375