0 0.28359375 0.59765625 0.04375 0.025
0 0.34140625 0.63515625 0.0390625 0.0234375
0 0.32109375 0.68828125 0.034375 0.02578125
0 0.346875 0.67109375 0.02578125 0.0390625
0 0.36328125 0.71015625 0.03203125 0.0453125
0 0.3734375 0.68515625 0.01953125 0.0609375
0 0.3890625 0.60078125 0.02109375 0.0578125
0 0.40859375 0.62578125 0.03046875 0.059375
0 0.51953125 0.66171875 0.03359375 0.0625
0 0.68046875 0.64453125 0.03671875 0.053125
0 0.640625 0.55703125 0.04140625 0.05703125
0 0.646875 0.325 0.04140625 0.06171875
0 0.54609375 0.40546875 0.02890625 0.04921875
0 0.5796875 0.5859375 0.02109375 0.05078125
0 0.56796875 0.61484375 0.0296875 0.034375
0 0.5125 0.59921875 0.03046875 0.040625
0 0.53046875 0.571875 0.02734375 0.04140625
0 0.55078125 0.53046875 0.02265625 0.046875
0 0.44609375 0.3859375 0.0375 0.05
0 0.41640625 0.3203125 0.03671875 0.05234375
0 0.3890625 0.38203125 0.03046875 0.03828125
0 0.40625 0.434375 0.0171875 0.0546875
0 0.42421875 0.47265625 0.021875 0.05078125
0 0.38984375 0.44375 0.0203125 0.04765625
0 0.39375 0.49296875 0.03671875 0.040625
0 0.4265625 0.521875 0.01953125 0.046875
0 0.36171875 0.54765625 0.01640625 0.0328125
0 0.36640625 0.51953125 0.01484375 0.0453125
0 0.33671875 0.4796875 0.02265625 0.053125
0 0.3375 0.44609375 0.01953125 0.0390625
0 0.3125 0.43125 0.021875 0.0625
0 0.35859375 0.56796875 0.01484375 0.04140625
0 0.38671875 0.55546875 0.025 0.0296875
0 0.4078125 0.54296875 0.02265625 0.03984375
0 0.44609375 0.58828125 0.02109375 0.0328125
0 0.45 0.546875 0.02734375 0.03359375
0 0.48515625 0.565625 0.0265625 0.028125
0 0.35234375 0.1125 0.0265625 0.04921875
0 0.05703125 0.13671875 0.03515625 0.05390625
0 0.10546875 0.3578125 0.025 0.0546875
0 0.809375 0.70859375 0.0375 0.04921875
0 0.26328125 0.84296875 0.0203125 0.05859375
0 0.371875 0.9453125 0.01484375 0.0640625
0 0.15625 0.853125 0.02109375 0.0609375
0 0.10546875 0.71328125 0.0125 0.05859375
0 0.12734375 0.63515625 0.01484375 0.04296875
0 0.0125 0.790625 0.02109375 0.06171875
0 0.00703125 0.4453125 0.01328125 0.040625