0 0.25390625 0.56796875 0.03515625 0.05859375
0 0.38125 0.5921875 0.03125 0.03671875
0 0.396875 0.61328125 0.0296875 0.0515625
0 0.43515625 0.65 0.03125 0.0640625
0 0.46640625 0.61875 0.03046875 0.0421875
0 0.49296875 0.59375 0.0296875 0.04296875
0 0.49453125 0.5640625 0.021875 0.02578125
0 0.53515625 0.54453125 0.02421875 0.0546875
0 0.45234375 0.52109375 0.0203125 0.05546875
0 0.43359375 0.54921875 0.01875 0.0546875
0 0.421875 0.56875 0.02109375 0.025
0 0.45546875 0.59140625 0.02578125 0.0359375
0 0.640625 0.69765625 0.0359375 0.06796875