0 0.19453125 0.328125 0.0265625 0.0671875
0 0.19140625 0.10625 0.0265625 0.0609375
0 0.45 0.38671875 0.02421875 0.04765625
0 0.45078125 0.35625 0.03828125 0.034375
0 0.425 0.621875 0.02109375 0.07265625
0 0.41484375 0.5765625 0.0125 0.06328125
0 0.428125 0.55625 0.01484375 0.04140625
0 0.45234375 0.55859375 0.0171875 0.03515625
0 0.4609375 0.515625 0.025 0.0484375
0 0.496875 0.47265625 0.04453125 0.0484375
0 0.4515625 0.60625 0.025 0.04921875
0 0.61015625 0.709375 0.0203125 0.059375
0 0.3390625 0.71796875 0.0234375 0.0546875
0 0.36953125 0.66953125 0.025 0.0484375
0 0.05078125 0.71015625 0.0234375 0.0640625
0 0.134375 0.68984375 0.03046875 0.071875