0 0.1390625 0.29765625 0.04765625 0.06015625
0 0.1984375 0.4890625 0.02578125 0.0703125
0 0.2390625 0.42578125 0.0421875 0.06796875
0 0.3578125 0.259375 0.040625 0.0359375
0 0.3890625 0.334375 0.04765625 0.04609375
0 0.4953125 0.228125 0.0640625 0.06640625
0 0.52265625 0.3703125 0.03515625 0.06640625
0 0.45625 0.64296875 0.0375 0.05234375
0 0.5078125 0.584375 0.03515625 0.03984375
0 0.51015625 0.53046875 0.03515625 0.03203125
0 0.53125 0.45859375 0.01484375 0.0625
0 0.54765625 0.478125 0.02578125 0.07265625
0 0.4484375 0.59921875 0.0296875 0.03828125
0 0.36953125 0.69375 0.03359375 0.08203125
0 0.31015625 0.66875 0.0328125 0.0765625
0 0.378125 0.51328125 0.025 0.0703125
0 0.42578125 0.54765625 0.0375 0.02578125
0 0.3828125 0.46484375 0.028125 0.06640625
0 0.43515625 0.4671875 0.02734375 0.04609375
0 0.44140625 0.584375 0.01796875 0.02421875
0 0.4609375 0.43984375 0.0296875 0.05625