0 0.3375 0.409375 0.0328125 0.0765625
0 0.1421875 0.3671875 0.0265625 0.059375
0 0.09609375 0.46484375 0.0234375 0.05
0 0.1265625 0.5796875 0.0234375 0.05
0 0.17109375 0.55078125 0.02421875 0.0515625
0 0.19375 0.56328125 0.02734375 0.05546875
0 0.29375 0.690625 0.028125 0.06171875
0 0.3453125 0.66640625 0.0375 0.03515625
0 0.4046875 0.72890625 0.0296875 0.05703125
0 0.3640625 0.59921875 0.03125 0.03828125
0 0.60703125 0.51484375 0.03046875 0.03359375
0 0.521875 0.51953125 0.0328125 0.03046875
0 0.47734375 0.4625 0.01953125 0.059375
0 0.3828125 0.41640625 0.0296875 0.06171875
0 0.42578125 0.503125 0.03046875 0.03125
0 0.434375 0.6 0.01953125 0.0515625
0 0.40078125 0.61015625 0.0234375 0.0421875
0 0.396875 0.58671875 0.02890625 0.028125
0 0.3859375 0.5546875 0.02734375 0.03515625
0 0.41953125 0.55546875 0.0171875 0.04453125
0 0.43984375 0.55234375 0.021875 0.034375