0 0.309375 0.71328125 0.03125 0.03984375
0 0.3671875 0.625 0.021875 0.04453125
0 0.38828125 0.6609375 0.021875 0.04140625
0 0.434375 0.59921875 0.0296875 0.03125
0 0.24609375 0.5203125 0.03203125 0.0578125
0 0.0796875 0.50390625 0.03359375 0.0546875
0 0.34296875 0.5015625 0.02421875 0.07109375
0 0.38515625 0.52109375 0.0453125 0.07734375
0 0.5203125 0.56875 0.03671875 0.07734375
0 0.4078125 0.5640625 0.01640625 0.0296875
0 0.425 0.56171875 0.02578125 0.028125
0 0.44375 0.4984375 0.0265625 0.0359375
0 0.45234375 0.5703125 0.0234375 0.04609375
0 0.4890625 0.89921875 0.0453125 0.0953125