0 0.13125 0.45546875 0.01328125 0.0484375
0 0.1640625 0.609375 0.021875 0.05859375
0 0.15703125 0.71015625 0.0265625 0.04765625
0 0.28125 0.6859375 0.03046875 0.0328125
0 0.36171875 0.42890625 0.028125 0.03671875
0 0.40625 0.43125 0.02578125 0.05703125
0 0.4375 0.609375 0.021875 0.046875
0 0.42109375 0.63515625 0.01640625 0.05390625
0 0.290625 0.92421875 0.0171875 0.04921875
0 0.509375 0.92109375 0.0265625 0.04296875
0 0.02109375 0.68828125 0.0296875 0.04765625
0 0.08984375 0.89375 0.025 0.04140625
0 0.5625 0.5796875 0.02578125 0.06171875
0 0.5125 0.57578125 0.0265625 0.05390625
0 0.45703125 0.56953125 0.01640625 0.04140625
0 0.48046875 0.57734375 0.03046875 0.05
0 0.45625 0.521875 0.025 0.0359375