0 0.54296875 0.78203125 0.03046875 0.0875
0 0.20546875 0.8140625 0.03125 0.05
0 0.278125 0.6625 0.05234375 0.07109375
0 0.23203125 0.571875 0.0375 0.09453125
0 0.3109375 0.53359375 0.0421875 0.07109375
0 0.15625 0.58203125 0.05546875 0.07421875
0 0.1484375 0.4765625 0.03359375 0.0671875
0 0.2703125 0.33125 0.021875 0.0671875
0 0.26640625 0.27890625 0.03046875 0.03359375
0 0.4375 0.33671875 0.0671875 0.08203125
0 0.44296875 0.321875 0.03671875 0.10390625
0 0.3390625 0.42109375 0.05625 0.0578125
0 0.39765625 0.4796875 0.01640625 0.0671875
0 0.3765625 0.5734375 0.03359375 0.05546875
0 0.42109375 0.60546875 0.03984375 0.046875
0 0.4125 0.546875 0.0296875 0.0375
0 0.43359375 0.6625 0.034375 0.0890625
0 0.55546875 0.58359375 0.0453125 0.0984375
0 0.46171875 0.45234375 0.0359375 0.0890625
0 0.54765625 0.3578125 0.0421875 0.0796875