0 0.58046875 0.73828125 0.09296875 0.10546875
0 0.79375 0.6671875 0.146875 0.0546875
0 0.878125 0.60078125 0.0765625 0.07421875
0 0.4921875 0.5921875 0.0734375 0.03984375
0 0.6125 0.59609375 0.05703125 0.065625
0 0.72265625 0.6078125 0.08203125 0.03125
0 0.55625 0.628125 0.04375 0.04921875
0 0.7046875 0.5828125 0.0734375 0.0453125
0 0.64921875 0.55546875 0.08203125 0.05625
0 0.75703125 0.575 0.040625 0.05625
0 0.8015625 0.5515625 0.0546875 0.0453125
0 0.56875 0.5 0.10625 0.03984375
0 0.66640625 0.51796875 0.0515625 0.02890625
0 0.7578125 0.51171875 0.065625 0.03125
0 0.890625 0.503125 0.0515625 0.0578125
0 0.40234375 0.64609375 0.0953125 0.04921875
0 0.4390625 0.56015625 0.0765625 0.03671875
0 0.49609375 0.55546875 0.065625 0.0453125
0 0.68046875 0.4875 0.06796875 0.03984375
0 0.6453125 0.4546875 0.0734375 0.04375
0 0.709375 0.44765625 0.08203125 0.01640625
0 0.803125 0.44921875 0.07890625 0.04375
0 0.74140625 0.43046875 0.04375 0.02890625
0 0.6078125 0.40625 0.06015625 0.02734375
0 0.67734375 0.41171875 0.04609375 0.0234375
0 0.73046875 0.41171875 0.03828125 0.0234375
0 0.76875 0.41640625 0.0328125 0.01796875
0 0.815625 0.4125 0.065625 0.0328125
0 0.8375 0.39140625 0.10390625 0.03125
0 0.246875 0.43984375 0.0390625 0.04453125
0 0.11484375 0.4609375 0.04921875 0.0328125
0 0.1109375 0.43203125 0.084375 0.01796875
0 0.178125 0.41484375 0.04296875 0.0546875
0 0.24140625 0.4046875 0.05703125 0.02578125
0 0.32421875 0.40625 0.08828125 0.02734375
0 0.01796875 0.4421875 0.03515625 0.0390625
0 0.05546875 0.44921875 0.04140625 0.03515625
0 0.04921875 0.403125 0.05078125 0.0234375
0 0.1109375 0.40546875 0.053125 0.0375
0 0.17734375 0.38359375 0.0375 0.03125
0 0.2625 0.38359375 0.06640625 0.0390625
0 0.35625 0.38125 0.05078125 0.021875
0 0.35546875 0.571875 0.0921875 0.04296875
0 0.11484375 0.5359375 0.06875 0.02890625
0 0.2078125 0.53828125 0.0390625 0.0375
0 0.24453125 0.54140625 0.04296875 0.03125
0 0.28359375 0.5328125 0.04296875 0.03515625
0 0.32109375 0.52578125 0.0390625 0.04140625
0 0.37265625 0.5171875 0.05703125 0.0328125
0 0.30234375 0.49765625 0.0765625 0.01171875
0 0.36015625 0.4765625 0.078125 0.03125
0 0.34765625 0.45078125 0.06875 0.025
0 0.3875 0.434375 0.06640625 0.0234375
0 0.3859375 0.4015625 0.05859375 0.02578125
0 0.41953125 0.371875 0.05703125 0.03671875
0 0.44296875 0.4359375 0.05703125 0.03125
0 0.4640625 0.3828125 0.046875 0.03515625
0 0.5203125 0.3875 0.06640625 0.04453125
0 0.60390625 0.36796875 0.04609375 0.02734375
0 0.671875 0.35546875 0.05703125 0.0234375
0 0.70234375 0.3265625 0.0515625 0.03125
0 0.7796875 0.31796875 0.08203125 0.04375
0 0.55625 0.321875 0.046875 0.025
0 0.5390625 0.2890625 0.053125 0.0171875
0 0.62734375 0.27578125 0.0609375 0.0484375
0 0.75390625 0.26015625 0.05703125 0.03984375
0 0.6828125 0.2234375 0.046875 0.0234375
0 0.66875 0.17265625 0.0765625 0.04296875
0 0.2234375 0.36171875 0.05859375 0.02578125
0 0.2734375 0.334375 0.0609375 0.03125
0 0.23125 0.2984375 0.0390625 0.03515625
0 0.2703125 0.28671875 0.046875 0.02734375
0 0.3109375 0.27421875 0.06640625 0.01796875
0 0.33203125 0.3609375 0.06484375 0.025
0 0.33359375 0.325 0.05703125 0.0390625
0 0.353125 0.3015625 0.05703125 0.02890625
0 0.38671875 0.25078125 0.08828125 0.02734375
0 0.36796875 0.215625 0.05859375 0.03125
0 0.43515625 0.2140625 0.06875 0.02578125
0 0.4328125 0.29140625 0.0625 0.03515625
0 0.48359375 0.2984375 0.05859375 0.0328125
0 0.4109375 0.27109375 0.05859375 0.02578125
0 0.47265625 0.2515625 0.05703125 0.02578125
0 0.50078125 0.23125 0.0546875 0.02734375
0 0.13125 0.17890625 0.08984375 0.04453125
0 0.1734375 0.22265625 0.06875 0.021875
0 0.21640625 0.19140625 0.04140625 0.0296875
0 0.18671875 0.30625 0.04921875 0.05234375
0 0.05703125 0.2875 0.0546875 0.0296875
0 0.13671875 0.290625 0.05859375 0.0140625
0 0.0421875 0.25234375 0.05703125 0.025
0 0.11328125 0.25078125 0.07421875 0.0296875
0 0.18203125 0.2609375 0.046875 0.02578125
0 0.25625 0.24453125 0.0703125 0.02734375
0 0.2671875 0.2015625 0.08046875 0.03515625
0 0.31796875 0.1828125 0.053125 0.02890625
0 0.371875 0.184375 0.07421875 0.01953125
0 0.3296875 0.1484375 0.0765625 0.01796875
0 0.4265625 0.50390625 0.0859375 0.0375
0 0.0578125 0.6859375 0.04140625 0.040625
0 0.13125 0.67890625 0.05078125 0.09296875
0 0.1984375 0.596875 0.06875 0.0375
0 0.26796875 0.609375 0.0703125 0.0390625
0 0.259375 0.70859375 0.0609375 0.05234375
0 0.309375 0.65234375 0.0703125 0.02109375
0 0.13203125 0.6125 0.08046875 0.04296875
0 0.20625 0.66484375 0.0609375 0.0296875
0 0.028125 0.62578125 0.05625 0.0515625
0 0.04140625 0.57734375 0.046875 0.03515625
0 0.07890625 0.5578125 0.06875 0.03515625
0 0.159375 0.57421875 0.06875 0.03359375
0 0.0734375 0.52578125 0.0765625 0.015625
0 0.15859375 0.50234375 0.0703125 0.01328125
0 0.1890625 0.47265625 0.05703125 0.0234375
0 0.17734375 0.534375 0.0453125 0.0171875
0 0.0109375 0.484375 0.021875 0.02578125
0 0.0734375 0.50703125 0.09609375 0.01171875
0 0.2171875 0.4234375 0.03125 0.04296875
0 0.05703125 0.3578125 0.05078125 0.046875
0 0.1078125 0.3609375 0.05078125 0.021875
0 0.09296875 0.3125 0.0765625 0.040625
0 0.15078125 0.33828125 0.05859375 0.01953125
0 0.0234375 0.2234375 0.046875 0.0328125
0 0.084375 0.2203125 0.0546875 0.01015625
0 0.09921875 0.775 0.06875 0.0734375
0 0.3421875 0.71328125 0.078125 0.0390625
0 0.01875 0.74921875 0.0375 0.0453125
0 0.0546875 0.7453125 0.05859375 0.040625
0 0.025 0.83203125 0.05 0.0546875
0 0.021875 0.95625 0.03515625 0.046875
0 0.07578125 0.9828125 0.1015625 0.034375
0 0.06953125 0.93046875 0.0765625 0.0484375
0 0.2171875 0.9890625 0.10546875 0.021875
0 0.6515625 0.79375 0.078125 0.0484375