0 0.18359375 0.30546875 0.0578125 0.16640625
0 0.20546875 0.69609375 0.0765625 0.125
0 0.2421875 0.89609375 0.084375 0.13046875
0 0.61953125 0.5609375 0.0328125 0.071875
0 0.659375 0.52109375 0.03125 0.075
0 0.60234375 0.471875 0.0421875 0.0609375
0 0.7421875 0.3234375 0.0875 0.125
0 0.49765625 0.40703125 0.0453125 0.096875
0 0.46171875 0.31796875 0.0203125 0.0640625
0 0.5265625 0.2765625 0.028125 0.075
0 0.44296875 0.2234375 0.0390625 0.075
0 0.58046875 0.34609375 0.0578125 0.10859375
0 0.6265625 0.26953125 0.034375 0.0609375
0 0.60859375 0.190625 0.0453125 0.06953125
0 0.55859375 0.13203125 0.0640625 0.1140625
0 0.24453125 0.059375 0.0390625 0.08046875