0 0.3890625 0.41171875 0.05546875 0.18203125
0 0.428125 0.2484375 0.0640625 0.16328125
0 0.51796875 0.109375 0.08125 0.1390625
0 0.64296875 0.1046875 0.06796875 0.08046875
0 0.3 0.221875 0.0796875 0.1546875
0 0.33828125 0.0953125 0.065625 0.1171875
0 0.16640625 0.6 0.121875 0.1140625
0 0.16953125 0.31328125 0.1125 0.1078125
0 0.021875 0.42890625 0.04375 0.1484375
0 0.08359375 0.3484375 0.059375 0.1171875
0 0.1875 0.18984375 0.10390625 0.1078125
0 0.025 0.25625 0.05 0.08671875
0 0.09921875 0.16640625 0.04140625 0.08671875
0 0.1984375 0.06171875 0.10625 0.04296875
0 0.0359375 0.08828125 0.05 0.1078125
0 0.284375 0.03515625 0.065625 0.0703125