0 0.325 0.0953125 0.0734375 0.190625
0 0.08828125 0.26328125 0.10390625 0.0765625
0 0.0328125 0.04296875 0.04296875 0.08515625
0 0.7421875 0.20625 0.0890625 0.13359375
0 0.58203125 0.528125 0.01875 0.053125
0 0.4609375 0.87421875 0.02109375 0.07109375
0 0.43359375 0.85390625 0.0328125 0.05859375
0 0.43046875 0.96015625 0.01484375 0.07265625
0 0.58515625 0.72109375 0.01953125 0.0515625
0 0.54609375 0.753125 0.0140625 0.06171875
0 0.54453125 0.7015625 0.03046875 0.09140625
0 0.54609375 0.6140625 0.03125 0.10078125
0 0.51015625 0.6296875 0.0265625 0.05234375
0 0.51484375 0.6953125 0.034375 0.07578125
0 0.48984375 0.5265625 0.05234375 0.06328125