0 0.5421875 0.2265625 0.0296875 0.05546875
0 0.55859375 0.12109375 0.03359375 0.0515625
0 0.60625 0.015625 0.02890625 0.03046875
0 0.64140625 0.78984375 0.10703125 0.13359375
0 0.253125 0.85 0.03515625 0.05859375
0 0.03515625 0.72734375 0.01953125 0.06484375
0 0.065625 0.70234375 0.0375 0.025
0 0.078125 0.4453125 0.06328125 0.04140625
0 0.23515625 0.315625 0.0328125 0.14453125
0 0.2578125 0.18515625 0.0359375 0.125
0 0.30625 0.0671875 0.053125 0.11171875
0 0.41484375 0.153125 0.03125 0.05390625
0 0.41875 0.15703125 0.01796875 0.0578125
0 0.1734375 0.14375 0.06328125 0.06015625
0 0.07734375 0.20625 0.05 0.09609375
0 0.0265625 0.26015625 0.04453125 0.1078125
0 0.03671875 0.1015625 0.0421875 0.1171875
0 0.096875 0.10859375 0.05234375 0.08203125
0 0.20078125 0.0515625 0.0265625 0.103125
0 0.41171875 0.0546875 0.03984375 0.053125
0 0.0453125 0.02890625 0.05078125 0.05703125
0 0.09609375 0.03671875 0.03359375 0.07265625