0 0.646875 0.328125 0.13515625 0.228125
0 0.825 0.39375 0.07578125 0.1953125
0 0.84609375 0.1828125 0.09140625 0.18828125
0 0.38671875 0.353125 0.10234375 0.1140625
0 0.3234375 0.44609375 0.06015625 0.1046875
0 0.2515625 0.4296875 0.0546875 0.0953125
0 0.09140625 0.4109375 0.0625 0.1375
0 0.20703125 0.30546875 0.0734375 0.13046875
0 0.08671875 0.2375 0.07890625 0.10234375
0 0.21875 0.18046875 0.09453125 0.1234375
0 0.30234375 0.25390625 0.05859375 0.14921875
0 0.33125 0.15625 0.05234375 0.14453125
0 0.37890625 0.12890625 0.0328125 0.15625
0 0.41796875 0.16171875 0.04453125 0.109375
0 0.0625 0.1140625 0.04453125 0.15390625
0 0.14765625 0.07890625 0.06015625 0.13046875
0 0.296875 0.02890625 0.115625 0.0578125