0 0.475 0.23359375 0.0859375 0.26171875
0 0.7078125 0.24921875 0.1 0.23203125
0 0.7953125 0.3578125 0.13671875 0.13203125
0 0.878125 0.22578125 0.14375 0.171875
0 0.9109375 0.08984375 0.178125 0.1046875
0 0.14609375 0.40703125 0.16953125 0.2296875
0 0.4125 0.5453125 0.10703125 0.3953125
0 0.590625 0.53359375 0.1796875 0.1125
0 0.553125 0.66328125 0.17265625 0.12578125
0 0.62421875 0.80859375 0.18671875 0.14296875
0 0.5578125 0.9 0.1421875 0.19921875
0 0.41484375 0.87734375 0.0890625 0.24296875
0 0.325 0.86640625 0.0875 0.2671875
0 0.2375 0.90859375 0.09765625 0.1828125
0 0.2453125 0.6484375 0.2 0.13046875
0 0.04609375 0.659375 0.0921875 0.13515625
0 0.05859375 0.81640625 0.1171875 0.21015625
0 0.18359375 0.80546875 0.12734375 0.20234375
0 0.0640625 0.9578125 0.128125 0.084375
0 0.79609375 0.77578125 0.08671875 0.2515625
0 0.7671875 0.59140625 0.16640625 0.1234375
0 0.82734375 0.48515625 0.16328125 0.134375
0 0.88984375 0.6140625 0.0765625 0.225
0 0.95625 0.46484375 0.08671875 0.13828125
0 0.90859375 0.909375 0.07265625 0.18125
0 0.84453125 0.878125 0.09375 0.24375
0 0.97265625 0.86015625 0.0546875 0.2765625