0 0.28125 0.25625 0.0453125 0.16640625
0 0.71015625 0.45234375 0.0140625 0.04609375
0 0.740625 0.43828125 0.03671875 0.07421875
0 0.68125 0.38125 0.0296875 0.08359375
0 0.76796875 0.390625 0.05 0.07109375
0 0.353125 0.31015625 0.05 0.1265625
0 0.3078125 0.471875 0.06796875 0.09296875
0 0.0796875 0.41796875 0.04140625 0.16328125
0 0.12734375 0.43203125 0.03984375 0.1296875
0 0.15703125 0.41171875 0.05703125 0.1515625
0 0.22109375 0.44921875 0.03671875 0.06484375
0 0.03671875 0.3453125 0.059375 0.1046875
0 0.06328125 0.221875 0.06796875 0.16015625
0 0.1921875 0.31328125 0.07109375 0.1078125
0 0.209375 0.21171875 0.14765625 0.1078125
0 0.075 0.15 0.0765625 0.17578125
0 0.3015625 0.0984375 0.05390625 0.1484375
0 0.35 0.1203125 0.04375 0.19140625
0 0.1375 0.1109375 0.07265625 0.1484375