0 0.49140625 0.5921875 0.2375 0.13828125
0 0.7984375 0.87734375 0.11953125 0.23515625
0 0.92734375 0.9265625 0.1453125 0.134375
0 0.66328125 0.859375 0.1328125 0.19453125
0 0.58046875 0.86640625 0.11328125 0.2578125
0 0.47890625 0.871875 0.0953125 0.25625
0 0.41953125 0.86171875 0.1171875 0.2765625
0 0.2984375 0.85078125 0.13203125 0.2859375
0 0.2109375 0.78359375 0.15625 0.08828125
0 0.15625 0.8609375 0.14140625 0.27734375
0 0.053125 0.81953125 0.10625 0.23515625
0 0.13203125 0.68984375 0.18515625 0.16953125
0 0.334375 0.703125 0.18203125 0.13984375
0 0.72421875 0.68125 0.1984375 0.13828125
0 0.9 0.65546875 0.19921875 0.15
0 0.771875 0.5359375 0.17265625 0.13046875
0 0.90625 0.41484375 0.0953125 0.25078125
0 0.9703125 0.296875 0.059375 0.1859375
0 0.81484375 0.2015625 0.19453125 0.140625
0 0.9015625 0.071875 0.08125 0.14296875
0 0.78984375 0.37578125 0.1546875 0.209375
0 0.66953125 0.4921875 0.1203125 0.1921875
0 0.57890625 0.4203125 0.11015625 0.22421875
0 0.66171875 0.265625 0.0984375 0.20546875
0 0.584375 0.20625 0.1203125 0.20234375
0 0.48046875 0.19765625 0.13203125 0.20078125
0 0.4984375 0.359375 0.0953125 0.259375
0 0.409375 0.340625 0.10390625 0.23671875
0 0.31953125 0.43515625 0.14609375 0.2015625
0 0.2828125 0.5328125 0.14296875 0.17578125
0 0.1265625 0.571875 0.16328125 0.0796875
0 0.14765625 0.43515625 0.14375 0.17109375
0 0.2234375 0.32265625 0.084375 0.21484375
0 0.0359375 0.4515625 0.071875 0.234375
0 0.06875 0.2984375 0.1375 0.10390625
0 0.1625 0.24453125 0.09296875 0.17890625
0 0.3171875 0.20859375 0.16015625 0.07734375
0 0.35234375 0.0734375 0.09453125 0.1359375
0 0.425 0.07734375 0.084375 0.1546875
0 0.56171875 0.04609375 0.18203125 0.0921875
0 0.27421875 0.07421875 0.1078125 0.1484375
0 0.19375 0.08671875 0.12421875 0.1734375
0 0.0546875 0.05234375 0.109375 0.1046875
0 0.05625 0.15390625 0.1125 0.1140625