0 0.178125 0.15 0.13125 0.21875
0 0.328125 0.275 0.1375 0.2375
0 0.3859375 0.0875 0.084375 0.13125
0 0.503125 0.2625 0.1375 0.26875
0 0.5578125 0.065625 0.121875 0.13125
0 0.809375 0.075 0.325 0.13125
0 0.7390625 0.178125 0.284375 0.1125
0 0.671875 0.303125 0.19375 0.15
0 0.846875 0.31875 0.14375 0.1125
0 0.884375 0.5046875 0.16875 0.178125
0 0.675 0.4734375 0.21875 0.184375
0 0.7203125 0.615625 0.115625 0.18125
0 0.8703125 0.678125 0.115625 0.1625
0 0.284375 0.815625 0.14375 0.2875
0 0.384375 0.721875 0.13125 0.20625
0 0.521875 0.6671875 0.06875 0.246875
0 0.58125 0.6296875 0.1375 0.221875
0 0.621875 0.8671875 0.225 0.196875
0 0.390625 0.509375 0.25 0.14375
0 0.1640625 0.7140625 0.109375 0.271875
0 0.225 0.553125 0.24375 0.125
0 0.1109375 0.4859375 0.221875 0.134375
0 0.0453125 0.721875 0.090625 0.1625
0 0.071875 0.9078125 0.14375 0.184375
0 0.4671875 0.528125 0.215625 0.1875
0 0.0484375 0.1140625 0.096875 0.196875