0 0.0171875 0.07421875 0.03359375 0.14296875
0 0.05859375 0.07265625 0.0390625 0.1453125
0 0.1375 0.0671875 0.053125 0.13359375
0 0.19609375 0.15 0.11484375 0.1140625
0 0.29453125 0.21484375 0.0515625 0.1359375
0 0.3765625 0.26171875 0.06953125 0.078125
0 0.36171875 0.11015625 0.0328125 0.13046875
0 0.31953125 0.09765625 0.05 0.06875
0 0.29609375 0.0234375 0.07265625 0.046875
0 0.23046875 0.3421875 0.04140625 0.0578125
0 0.17578125 0.33359375 0.04296875 0.07734375
0 0.075 0.31875 0.05859375 0.103125
0 0.046875 0.24921875 0.08828125 0.053125
0 0.0546875 0.18984375 0.109375 0.0671875
0 0.30703125 0.3484375 0.03515625 0.040625
0 0.6484375 0.58046875 0.025 0.0265625
0 0.18671875 0.24375 0.0890625 0.06015625
0 0.13046875 0.3265625 0.03984375 0.1
0 0.096875 0.0265625 0.034375 0.053125