0 0.78515625 0.58125 0.01953125 0.04375
0 0.8265625 0.3625 0.025 0.0796875
0 0.8765625 0.31171875 0.0234375 0.10703125
0 0.89609375 0.2234375 0.0546875 0.04296875
0 0.51171875 0.175 0.03984375 0.0453125
0 0.55546875 0.14765625 0.04140625 0.090625
0 0.74921875 0.11328125 0.0328125 0.11796875
0 0.79140625 0.0953125 0.028125 0.09453125
0 0.79296875 0.19453125 0.0265625 0.103125
0 0.8640625 0.1671875 0.03125 0.09296875
0 0.8890625 0.11953125 0.04921875 0.07578125
0 0.7609375 0.0203125 0.0578125 0.040625
0 0.17421875 0.0796875 0.07578125 0.15546875
0 0.35 0.22265625 0.0734375 0.1453125
0 0.45 0.29765625 0.08203125 0.084375
0 0.43125 0.1171875 0.05625 0.1375
0 0.3875 0.146875 0.06953125 0.1453125
0 0.34296875 0.02421875 0.10234375 0.04765625
0 0.47578125 0.1671875 0.03359375 0.1546875
0 0.27265625 0.37421875 0.0546875 0.05703125
0 0.36875 0.375 0.05 0.04609375
0 0.221875 0.2625 0.1015625 0.07109375
0 0.21171875 0.35234375 0.05078125 0.07890625
0 0.1546875 0.35703125 0.05390625 0.09296875
0 0.09296875 0.34765625 0.06953125 0.0953125
0 0.06015625 0.26953125 0.1203125 0.05546875
0 0.07265625 0.2125 0.1234375 0.09296875
0 0.07734375 0.08515625 0.1078125 0.14375
0 0.1046875 0.01953125 0.0296875 0.03828125
0 0.01875 0.05546875 0.0375 0.1109375
0 0.24140625 0.17421875 0.128125 0.09375