0 0.253125 0.13125 0.0578125 0.19921875
0 0.1328125 0.115625 0.08828125 0.17421875
0 0.14609375 0.15859375 0.05078125 0.16640625
0 0.2 0.2953125 0.11484375 0.065625
0 0.43203125 0.290625 0.0484375 0.09375
0 0.4765625 0.25078125 0.065625 0.15703125
0 0.421875 0.0453125 0.05 0.090625
0 0.34765625 0.06875 0.0390625 0.121875
0 0.03203125 0.30234375 0.0578125 0.05078125
0 0.03984375 0.1078125 0.0796875 0.07265625
0 0.17734375 0.80625 0.1015625 0.3875
0 0.4484375 0.70703125 0.128125 0.17734375
0 0.94140625 0.6859375 0.0125 0.046875
0 0.9203125 0.7265625 0.01484375 0.03515625
0 0.90859375 0.66640625 0.01875 0.04140625