0 0.053125 0.76796875 0.03828125 0.08984375
0 0.57421875 0.2359375 0.04453125 0.1375
0 0.73515625 0.2671875 0.04140625 0.096875
0 0.6921875 0.33984375 0.0296875 0.05859375
0 0.74453125 0.35234375 0.0265625 0.084375
0 0.4296875 0.3296875 0.0390625 0.08984375
0 0.9 0.21171875 0.02265625 0.075
0 0.94375 0.19765625 0.03828125 0.075
0 0.9265625 0.29765625 0.04921875 0.08046875
0 0.8265625 0.403125 0.02265625 0.06796875
0 0.86796875 0.4046875 0.0171875 0.04921875
0 0.91328125 0.40390625 0.04921875 0.07734375
0 0.16875 0.22421875 0.08984375 0.1140625
0 0.28828125 0.20546875 0.06015625 0.1140625
0 0.3078125 0.10390625 0.0703125 0.096875
0 0.20703125 0.078125 0.06328125 0.115625
0 0.02265625 0.140625 0.04296875 0.13359375
0 0.0875 0.28203125 0.08671875 0.17421875
0 0.0828125 0.44609375 0.0484375 0.13203125
0 0.17109375 0.43515625 0.0953125 0.10625
0 0.23515625 0.3984375 0.06796875 0.1578125
0 0.334375 0.4 0.0953125 0.08046875
0 0.3671875 0.221875 0.04296875 0.14296875
0 0.296875 0.04765625 0.04453125 0.08046875
0 0.375 0.04609375 0.02890625 0.09140625
0 0.01640625 0.378125 0.0265625 0.1359375
0 0.11328125 0.07265625 0.04609375 0.11953125