0 0.74609375 0.9015625 0.040625 0.059375
0 0.85 0.13828125 0.0265625 0.05
0 0.03671875 0.40859375 0.0609375 0.24296875
0 0.10859375 0.43046875 0.05 0.20625
0 0.23046875 0.35078125 0.05 0.190625
0 0.4546875 0.0765625 0.128125 0.084375
0 0.4609375 0.165625 0.09140625 0.1109375
0 0.55078125 0.17421875 0.08125 0.090625
0 0.4515625 0.30390625 0.08359375 0.15234375
0 0.278125 0.51171875 0.09609375 0.06796875
0 0.3734375 0.48203125 0.0625 0.13984375
0 0.221875 0.159375 0.06484375 0.18984375
0 0.12421875 0.046875 0.053125 0.09375
0 0.0734375 0.18125 0.10390625 0.08671875
0 0.30234375 0.3484375 0.07734375 0.1984375
0 0.32890625 0.18828125 0.08359375 0.08671875
0 0.33046875 0.0953125 0.0515625 0.0921875