0 0.05703125 0.234375 0.0453125 0.24296875
0 0.19765625 0.23984375 0.0828125 0.196875
0 0.29375 0.40625 0.0734375 0.2109375
0 0.29765625 0.2578125 0.06875 0.15078125
0 0.38125 0.3875 0.078125 0.14453125
0 0.41015625 0.29375 0.1203125 0.11875
0 0.42734375 0.16328125 0.1125 0.13046875
0 0.32734375 0.12578125 0.071875 0.14765625
0 0.20859375 0.08984375 0.078125 0.09296875
0 0.07109375 0.48046875 0.046875 0.23125
0 0.13203125 0.4328125 0.06484375 0.2109375
0 0.20703125 0.53984375 0.071875 0.12421875
0 0.38671875 0.55859375 0.06328125 0.15078125
0 0.465625 0.509375 0.06875 0.16171875
0 0.05625 0.05234375 0.06015625 0.09296875
0 0.4484375 0.05 0.06875 0.1
0 0.546875 0.1765625 0.0484375 0.06953125
0 0.56796875 0.0546875 0.0484375 0.075
0 0.659375 0.22265625 0.0390625 0.08125
0 0.6796875 0.16953125 0.040625 0.07265625
0 0.7765625 0.2765625 0.0484375 0.1015625