0 0.2265625 0.8 0.06171875 0.12421875
0 0.0203125 0.92265625 0.040625 0.12734375
0 0.0671875 0.84921875 0.05078125 0.078125
0 0.1015625 0.778125 0.04375 0.075
0 0.01875 0.6796875 0.02421875 0.06953125
0 0.05859375 0.68828125 0.0328125 0.0578125
0 0.1375 0.69765625 0.04375 0.075
0 0.82265625 0.36640625 0.034375 0.078125
0 0.8890625 0.29921875 0.0296875 0.0609375
0 0.925 0.271875 0.034375 0.06953125
0 0.8359375 0.16796875 0.01796875 0.09296875
0 0.92109375 0.20234375 0.02578125 0.06328125
0 0.87109375 0.171875 0.0359375 0.04375
0 0.9421875 0.16796875 0.01953125 0.11015625
0 0.97265625 0.26015625 0.034375 0.034375
0 0.16171875 0.16875 0.13125 0.11484375
0 0.0640625 0.21484375 0.06328125 0.2109375
0 0.15 0.42109375 0.07265625 0.20234375
0 0.23125 0.3640625 0.04765625 0.175
0 0.32890625 0.359375 0.10703125 0.10625
0 0.496875 0.4953125 0.04609375 0.15625
0 0.47578125 0.34140625 0.071875 0.325
0 0.58828125 0.36171875 0.0703125 0.2125
0 0.55625 0.49375 0.07109375 0.178125
0 0.30390625 0.5125 0.0640625 0.16640625
0 0.38359375 0.5203125 0.0671875 0.13359375
0 0.0578125 0.44140625 0.05234375 0.18359375
0 0.56171875 0.071875 0.06875 0.14375
0 0.65234375 0.04609375 0.04296875 0.09140625