0 0.296875 0.6109375 0.09140625 0.2828125
0 0.4515625 0.675 0.1890625 0.15
0 0.47734375 0.53671875 0.17109375 0.1046875
0 0.2515625 0.884375 0.1171875 0.23046875
0 0.36875 0.8640625 0.140625 0.27109375
0 0.096875 0.8296875 0.19375 0.33828125
0 0.1296875 0.57109375 0.21015625 0.121875
0 0.071875 0.4296875 0.13359375 0.11328125
0 0.2296875 0.3859375 0.1890625 0.12890625
0 0.4078125 0.40703125 0.1828125 0.07734375
0 0.37109375 0.1984375 0.10625 0.178125
0 0.12890625 0.20703125 0.05859375 0.13515625