0 0.1609375 0.55078125 0.2890625 0.19296875
0 0.32578125 0.68984375 0.36796875 0.35390625
0 0.65546875 0.73671875 0.1515625 0.24140625
0 0.73359375 0.928125 0.109375 0.14375
0 0.6265625 0.9375 0.075 0.125
0 0.55234375 0.95546875 0.071875 0.08828125
0 0.846875 0.934375 0.09765625 0.13046875
0 0.8609375 0.7890625 0.2015625 0.1390625
0 0.88203125 0.653125 0.2359375 0.115625
0 0.7921875 0.54609375 0.1453125 0.1828125
0 0.68671875 0.521875 0.10234375 0.15078125
0 0.58125 0.59609375 0.1921875 0.14375
0 0.61484375 0.509375 0.08359375 0.11328125
0 0.9703125 0.86015625 0.059375 0.2796875
0 0.4734375 0.3421875 0.07890625 0.1375
0 0.27109375 0.36640625 0.06484375 0.1515625
0 0.3375 0.37421875 0.071875 0.11015625
0 0.1078125 0.3953125 0.0671875 0.0796875
0 0.178125 0.3984375 0.07265625 0.10703125
0 0.04296875 0.2890625 0.0859375 0.12890625
0 0.1171875 0.2796875 0.103125 0.125
0 0.20703125 0.2546875 0.08125 0.140625
0 0.29921875 0.24296875 0.140625 0.078125
0 0.3609375 0.14375 0.07734375 0.125
0 0.4484375 0.10390625 0.078125 0.11640625
0 0.45390625 0.221875 0.09765625 0.1484375
0 0.39609375 0.33125 0.08359375 0.1328125
0 0.2390625 0.13046875 0.10078125 0.1046875
0 0.1515625 0.1359375 0.1640625 0.05546875
0 0.03203125 0.16953125 0.0640625 0.11484375
0 0.2484375 0.07109375 0.140625 0.0625
0 0.16328125 0.075 0.10078125 0.10546875
0 0.175 0.02421875 0.059375 0.0484375
0 0.24296875 0.025 0.0578125 0.04609375
0 0.2890625 0.0203125 0.02734375 0.03515625
0 0.34921875 0.03046875 0.084375 0.0609375
0 0.4171875 0.02734375 0.059375 0.0546875
0 0.47890625 0.03125 0.05703125 0.06171875