0 0.15703125 0.2296875 0.02578125 0.07109375
0 0.290625 0.134375 0.0640625 0.1015625
0 0.0515625 0.08671875 0.0296875 0.08671875
0 0.10703125 0.46796875 0.0640625 0.08984375
0 0.134375 0.3625 0.0328125 0.05234375
0 0.23203125 0.396875 0.05390625 0.1015625
0 0.40859375 0.42421875 0.04375 0.05234375
0 0.184375 0.69140625 0.07265625 0.1359375
0 0.825 0.7265625 0.20859375 0.15703125
0 0.728125 0.93671875 0.13359375 0.08984375
0 0.91953125 0.9703125 0.15078125 0.05859375
0 0.61171875 0.9546875 0.0921875 0.090625
0 0.58671875 0.68984375 0.09375 0.1265625
0 0.7234375 0.6296875 0.175 0.17265625
0 0.7328125 0.5171875 0.0765625 0.07734375
0 0.56875 0.53828125 0.078125 0.1015625