0 0.4609375 0.20625 0.03125 0.165625
0 0.52109375 0.3234375 0.06796875 0.1375
0 0.20859375 0.5140625 0.02109375 0.1234375
0 0.27109375 0.52109375 0.0625 0.08828125
0 0.30625 0.40625 0.0390625 0.14140625
0 0.13125 0.5140625 0.04921875 0.13046875
0 0.1421875 0.38828125 0.09609375 0.11328125
0 0.3265625 0.78203125 0.0546875 0.07421875
0 0.39375 0.80390625 0.02109375 0.03203125
0 0.42734375 0.8109375 0.0328125 0.05390625
0 0.475 0.78125 0.02734375 0.04140625
0 0.4828125 0.86328125 0.01796875 0.04296875
0 0.53515625 0.80234375 0.0265625 0.0671875
0 0.45234375 0.7296875 0.01796875 0.0265625
0 0.446875 0.6859375 0.028125 0.03828125
0 0.47578125 0.69140625 0.03671875 0.025
0 0.48515625 0.73359375 0.02734375 0.02890625
0 0.725 0.37578125 0.17109375 0.340625
0 0.91328125 0.421875 0.096875 0.19375