0 0.16796875 0.08828125 0.046875 0.03984375
0 0.209375 0.1265625 0.0234375 0.03984375
0 0.27734375 0.103125 0.06328125 0.05859375
0 0.11796875 0.21015625 0.03359375 0.03203125
0 0.20234375 0.1796875 0.03984375 0.0265625
0 0.20703125 0.23984375 0.0578125 0.0453125
0 0.2875 0.18359375 0.03671875 0.01640625
0 0.3484375 0.2109375 0.05 0.04296875
0 0.03203125 0.15859375 0.028125 0.04296875
0 0.5484375 0.1234375 0.03828125 0.05390625
0 0.5515625 0.04453125 0.0265625 0.03125
0 0.6953125 0.13828125 0.04140625 0.05078125
0 0.640625 0.2875 0.03984375 0.04296875
0 0.65546875 0.25546875 0.03125 0.03359375
0 0.68359375 0.2328125 0.01796875 0.040625
0 0.709375 0.18125 0.0265625 0.03984375
0 0.79609375 0.28125 0.0484375 0.03359375
0 0.8484375 0.35703125 0.06640625 0.02109375
0 0.6046875 0.0234375 0.0296875 0.021875
0 0.6734375 0.01640625 0.03125 0.0328125