0 0.21953125 0.14296875 0.06875 0.0390625
0 0.29140625 0.10703125 0.071875 0.0421875
0 0.171875 0.09375 0.05078125 0.03046875
0 0.234375 0.2125 0.03515625 0.03046875
0 0.3453125 0.23046875 0.0421875 0.04609375
0 0.396875 0.2546875 0.05078125 0.028125
0 0.2828125 0.209375 0.0296875 0.03203125
0 0.015625 0.2109375 0.03125 0.034375
0 0.03046875 0.17578125 0.0578125 0.0375
0 0.83203125 0.22265625 0.04453125 0.01875
0 0.846875 0.25390625 0.040625 0.02421875
0 0.890625 0.271875 0.02734375 0.0234375
0 0.93671875 0.34296875 0.034375 0.02890625
0 0.94296875 0.31328125 0.03828125 0.02734375