0 0.48125 0.175 0.04375 0.05703125
0 0.49140625 0.259375 0.03125 0.084375
0 0.42265625 0.23671875 0.03046875 0.0796875
0 0.2546875 0.41171875 0.0265625 0.078125
0 0.209375 0.31875 0.0234375 0.06953125
0 0.15 0.171875 0.02421875 0.0609375
0 0.01796875 0.46171875 0.02265625 0.07890625
0 0.809375 0.4328125 0.03046875 0.0390625
0 0.72109375 0.98359375 0.02578125 0.0328125
0 0.715625 0.95234375 0.03046875 0.03515625
0 0.68671875 0.96875 0.01953125 0.04765625
0 0.65 0.95078125 0.0171875 0.0328125
0 0.65625 0.92578125 0.01796875 0.03515625
0 0.68671875 0.91015625 0.0265625 0.034375
0 0.62109375 0.96328125 0.02421875 0.04921875