0 0.21953125 0.153125 0.015625 0.0421875
0 0.2421875 0.1390625 0.015625 0.04375
0 0.1921875 0.6578125 0.0234375 0.05546875
0 0.09609375 0.68515625 0.01640625 0.0453125
0 0.1109375 0.65703125 0.0171875 0.0484375
0 0.12734375 0.64140625 0.02265625 0.04140625
0 0.08125 0.64375 0.01171875 0.03515625
0 0.09140625 0.6515625 0.02109375 0.0203125
0 0.0546875 0.7125 0.03359375 0.03984375
0 0.00703125 0.65703125 0.0140625 0.0359375
0 0.5015625 0.83125 0.02734375 0.03515625
0 0.80859375 0.75390625 0.0265625 0.03671875
0 0.7828125 0.7421875 0.028125 0.04140625
0 0.734375 0.34921875 0.02265625 0.03984375
0 0.70625 0.33984375 0.02265625 0.04453125