0 0.259375 0.0453125 0.046875 0.090625
0 0.78515625 0.10546875 0.0421875 0.10234375
0 0.8359375 0.1921875 0.06796875 0.05703125
0 0.81953125 0.12421875 0.06953125 0.0359375
0 0.690625 0.3203125 0.09453125 0.0609375
0 0.74609375 0.5078125 0.03671875 0.040625
0 0.7765625 0.5921875 0.02109375 0.05
0 0.68203125 0.7125 0.0203125 0.07265625
0 0.953125 0.34765625 0.025 0.08359375
0 0.0296875 0.58515625 0.028125 0.0375
0 0.76171875 0.86875 0.0171875 0.0546875
0 0.80625 0.71640625 0.0171875 0.06015625
0 0.80546875 0.65078125 0.01875 0.028125
0 0.81640625 0.6203125 0.0265625 0.0296875
0 0.78671875 0.62890625 0.025 0.05703125
0 0.71171875 0.5328125 0.021875 0.0375
0 0.68203125 0.5375 0.01484375 0.04765625
0 0.6953125 0.5125 0.02734375 0.028125
0 0.71484375 0.49765625 0.02890625 0.0296875
0 0.79453125 0.5171875 0.03125 0.05625
0 0.975 0.39140625 0.05 0.04921875