0 0.290625 0.62734375 0.04140625 0.08671875
0 0.19453125 0.565625 0.01796875 0.0484375
0 0.203125 0.53828125 0.0328125 0.03984375
0 0.24140625 0.534375 0.0296875 0.02578125
0 0.275 0.53125 0.0234375 0.0375
0 0.1625 0.53203125 0.0296875 0.02890625
0 0.1078125 0.6921875 0.02578125 0.0640625
0 0.08671875 0.6671875 0.04453125 0.03984375
0 0.07890625 0.76875 0.0203125 0.06171875
0 0.32890625 0.71796875 0.05078125 0.05078125
0 0.06484375 0.8359375 0.0359375 0.07734375
0 0.09296875 0.9546875 0.040625 0.0375
0 0.26796875 0.98359375 0.0484375 0.0328125
0 0.69609375 0.8625 0.03828125 0.04921875
0 0.846875 0.9078125 0.02734375 0.05546875
0 0.8171875 0.94140625 0.0328125 0.05078125